797
88
174
131
764
179
213
456
234
390
607
201
942
781
361
241
60
104
890
849
771
435
788
710
446
280
147
412
643
321
242
502
848
133
774
729
104
754
697
933
59
64
347
130
325
204
227
601
762
938
86
124
377
284
394
630
563
927
855
58
892
398
605
734
488
924
919
382
854
110
377
934
783
499
147
707
758
781
316
847
939
750
334
499
667
597
132
873
385
926
591
328
599
592
292
649
758
701
668
161
275
661
559
89
363
593
413
312
229
842
858
714
88
123
774
742
726
224
282
245
250
361
288
136
330
562
532
709
910
401
928
233
592
843
626
615
662
458
433
612
944
800
103
730
645
801
223
730
436
432
274
946
723
609
282
595
823
63
600
218
640
529
678
732
510
77
399
608
391
213
713
663
200
458
91
89
774
795
496
618
570
108
135
760
616
409
613
926
202
540
