604
569
778
554
749
311
223
794
792
784
275
110
321
400
64
891
902
925
369
283
785
703
89
567
915
433
557
226
719
781
823
366
534
729
283
759
775
240
55
76
401
226
498
716
108
379
740
667
947
431
412
431
543
750
631
480
434
423
780
390
219
497
605
478
406
613
496
235
932
892
565
624
389
407
613
783
494
312
103
699
719
923
175
411
788
214
630
370
927
779
444
725
723
777
742
392
405
397
375
129
693
571
840
377
628
386
477
323
93
599
386
623
203
792
794
647
86
618
407
110
533
528
278
852
650
192
88
608
673
935
627
199
436
769
641
193
53
125
655
565
65
93
181
381
431
287
331
750
477
490
405
359
275
199
558
275
548
273
100
377
524
941
948
827
745
743
278
821
697
946
863
738
477
363
735
324
225
122
666
199
59
282
570
947
436
941
779
435
821
610
