555
789
823
492
417
600
623
533
64
182
749
535
132
946
486
148
596
217
387
186
941
596
862
63
501
572
824
539
365
565
777
785
516
378
371
882
549
291
134
427
126
105
625
913
713
630
751
715
84
700
945
823
598
671
795
148
626
97
662
666
185
58
557
673
572
366
381
768
398
771
481
598
199
408
734
752
179
148
770
478
697
532
251
92
731
311
482
190
713
724
725
368
936
566
202
731
892
278
495
534
888
742
763
911
398
180
609
134
544
929
200
205
184
104
930
229
487
482
538
923
127
938
938
745
245
935
633
608
476
490
726
756
528
496
395
335
789
607
794
109
50
754
432
553
213
94
283
533
748
431
698
913
722
91
791
766
380
777
122
626
100
129
748
884
785
723
642
740
647
604
62
776
668
375
57
725
413
89
704
363
937
325
68
610
540
455
219
539
748
430
