482
136
850
542
705
126
192
243
209
943
203
401
368
531
883
791
491
924
96
919
386
849
372
842
336
771
136
733
747
54
100
283
568
236
714
363
244
863
201
564
491
403
406
430
388
312
367
180
240
250
478
477
913
405
602
539
287
388
638
744
52
430
588
360
128
727
414
455
255
774
408
378
664
390
572
920
415
491
129
638
291
509
599
401
445
56
212
397
673
793
205
594
542
920
319
231
328
96
897
937
870
592
289
423
861
702
654
105
486
764
781
415
74
594
126
528
623
162
856
763
248
404
772
600
287
101
223
191
534
241
924
396
190
859
844
193
52
885
843
723
129
863
648
841
562
936
787
751
205
637
716
185
403
334
793
422
782
778
787
418
592
209
623
725
795
99
698
104
433
716
693
756
861
944
854
778
208
233
732
925
809
624
457
102
386
136
698
124
399
949
