170
693
587
553
919
884
569
228
232
616
721
700
668
189
709
147
97
57
709
231
752
818
641
646
719
622
322
592
718
62
217
462
563
615
654
429
852
841
365
854
98
214
926
336
747
525
614
721
154
210
182
131
435
763
490
709
712
259
240
790
634
848
841
773
324
184
895
369
724
931
607
329
386
856
596
276
790
849
231
52
394
728
99
368
542
939
408
752
289
639
669
290
232
343
697
433
571
629
737
833
247
630
749
702
777
129
457
454
534
787
331
622
591
789
706
483
456
776
941
454
679
250
412
69
548
196
85
619
790
769
412
242
196
182
234
223
102
871
863
482
931
554
439
184
614
421
839
531
414
85
213
311
228
316
215
733
458
918
363
785
415
200
882
778
733
528
140
363
560
944
379
672
723
192
432
491
859
370
358
189
326
636
715
839
97
792
759
499
65
104
