789
294
714
329
944
427
562
94
587
617
109
763
891
280
518
698
627
942
164
55
891
398
916
270
429
243
824
766
571
791
717
714
882
770
239
323
367
381
422
415
439
379
795
80
432
938
892
857
839
637
190
224
638
770
486
103
609
374
290
110
189
281
420
656
229
406
189
699
495
931
393
128
539
549
725
931
748
528
85
108
927
632
773
597
669
735
544
125
222
434
281
311
787
608
363
496
935
846
822
647
753
432
901
234
914
777
490
941
321
641
595
373
756
544
742
933
596
554
397
544
664
885
424
610
711
365
740
160
935
868
377
800
411
372
400
148
638
778
211
594
773
562
331
548
403
490
402
669
607
945
701
697
593
200
609
284
843
605
160
935
436
782
483
55
848
605
698
416
228
668
851
416
848
885
623
799
629
587
593
183
724
798
596
107
726
104
134
328
313
928
