928
749
282
201
158
362
208
671
626
628
500
632
550
294
824
499
107
662
379
244
496
364
213
136
647
485
694
772
359
737
800
147
179
559
568
184
216
488
463
630
488
266
212
733
724
399
643
557
405
313
919
137
328
368
148
197
610
713
703
715
819
275
160
237
703
945
669
854
53
590
891
726
758
215
562
489
328
662
378
63
715
416
129
386
412
699
822
726
645
592
625
763
696
827
106
535
406
209
769
429
490
221
222
454
428
761
105
181
931
200
235
385
778
545
275
659
550
638
235
770
90
241
695
365
757
396
488
758
723
692
332
481
911
165
561
535
886
335
708
340
275
406
430
209
552
665
381
289
509
878
718
278
220
491
787
221
438
215
941
557
331
603
57
363
638
620
53
78
383
456
499
863
363
883
161
242
97
371
374
530
693
921
237
685
672
238
161
224
277
160
