930
717
181
825
928
821
281
316
109
760
559
940
545
408
405
345
287
664
225
291
636
702
102
916
147
335
781
185
379
744
126
558
638
171
147
195
925
136
602
746
334
88
554
728
456
482
106
109
941
662
419
212
655
728
418
631
662
180
321
519
224
851
839
722
528
718
376
748
388
691
729
134
662
52
279
487
808
708
65
589
110
541
276
212
779
94
106
782
423
232
597
875
232
206
740
528
771
949
84
764
709
230
131
373
241
696
88
554
444
886
312
247
737
771
612
528
572
417
598
87
208
368
765
233
555
457
858
425
726
600
187
941
564
93
593
360
761
363
182
281
285
224
196
227
479
857
774
237
92
219
488
456
495
825
382
485
929
276
205
367
111
797
918
528
741
771
763
148
600
456
650
290
922
224
277
766
396
722
311
910
397
261
87
407
83
600
224
242
108
501
