331
503
483
887
937
478
631
852
225
921
563
102
786
286
629
57
944
243
737
693
454
136
709
125
195
244
337
940
853
382
923
202
597
614
122
240
191
60
863
946
107
636
376
194
690
939
201
282
386
822
594
546
478
60
329
398
362
932
658
639
291
667
458
593
123
737
386
51
419
69
367
202
187
534
797
444
794
915
333
608
280
86
859
609
859
393
195
924
235
93
190
933
93
735
360
558
398
487
764
937
727
208
481
827
821
58
380
643
759
593
424
721
827
797
614
386
539
708
248
366
774
604
609
888
231
718
232
755
567
330
61
252
863
774
648
798
728
326
784
333
906
931
591
457
329
857
843
851
589
368
426
588
246
718
293
539
85
380
885
548
205
407
823
85
237
85
501
889
636
891
770
620
592
282
136
763
496
937
664
179
727
433
95
641
736
822
84
549
384
247
