605
294
148
203
564
208
717
107
390
718
648
238
219
360
226
890
226
366
795
765
184
712
98
928
285
311
53
601
376
774
94
389
362
98
131
561
608
717
186
134
209
148
667
603
758
938
397
570
220
840
840
948
722
670
194
614
325
721
482
85
622
529
755
918
54
329
359
426
741
431
186
99
360
537
937
61
699
608
457
237
478
94
649
458
668
398
725
637
591
215
547
721
632
201
639
380
673
529
431
643
587
922
88
88
640
928
569
928
646
601
858
492
587
406
766
590
481
337
160
429
290
329
886
481
590
637
796
948
250
293
711
206
361
855
330
532
545
495
863
381
615
649
692
571
55
192
721
65
859
762
414
280
599
421
758
409
775
857
228
933
662
215
203
196
410
826
362
416
856
333
226
111
622
611
551
229
204
737
400
277
294
286
587
233
237
747
204
914
634
290
