402
740
288
591
943
641
206
797
884
796
606
949
730
650
800
916
858
826
124
57
726
128
913
383
615
613
758
861
596
921
398
539
529
641
54
365
377
769
546
418
789
748
203
569
672
202
186
557
774
544
384
755
735
790
796
696
96
52
843
554
855
222
723
249
731
291
769
457
401
641
293
495
913
454
397
758
549
530
604
275
644
723
537
52
690
720
425
787
398
211
379
390
330
533
424
285
721
884
389
242
671
221
724
91
588
636
337
282
621
483
615
861
402
90
418
488
243
561
620
191
751
520
712
647
282
760
217
290
433
333
361
702
537
489
633
786
887
776
493
545
329
189
209
127
180
205
388
762
943
596
380
908
556
927
566
569
741
857
943
856
703
670
480
544
231
649
752
615
369
329
701
690
369
635
364
490
728
230
104
535
65
919
434
759
478
671
66
613
534
949
