720
696
616
200
130
591
528
824
126
388
796
55
665
949
916
846
91
53
62
496
840
428
714
561
332
280
789
643
644
800
733
848
862
929
859
931
724
284
671
623
768
529
477
204
131
666
789
710
362
566
241
779
600
941
419
242
228
948
406
430
632
925
825
292
773
717
540
766
233
211
278
496
747
548
673
637
786
705
431
781
246
767
778
929
359
720
221
95
543
665
291
633
759
275
597
60
129
776
567
790
101
477
696
191
225
325
293
706
223
94
226
890
424
697
848
211
556
195
334
531
335
857
246
383
903
741
623
931
104
919
209
947
489
568
646
671
742
240
617
722
232
536
764
125
702
913
281
851
361
208
743
863
196
605
283
694
199
132
85
631
51
200
626
791
192
696
384
552
602
665
668
147
691
456
599
891
861
324
629
562
942
127
555
849
601
707
564
381
709
839
