924
849
741
395
427
358
402
945
743
824
540
889
646
179
90
588
892
402
884
705
886
127
884
425
922
412
754
784
363
704
322
491
416
708
430
628
641
749
541
847
283
481
378
888
330
55
192
189
763
607
932
213
62
508
629
622
388
949
458
939
761
542
362
147
749
87
386
935
560
633
362
917
427
891
843
949
65
160
487
772
628
843
885
755
766
457
225
777
723
402
565
56
249
199
161
61
551
617
237
767
379
766
336
750
428
854
89
183
823
418
731
926
796
442
653
501
245
765
488
738
737
741
795
488
700
281
930
73
692
884
631
790
844
384
184
335
331
889
572
374
378
191
92
550
176
373
101
247
423
554
226
662
902
218
564
278
249
327
122
605
884
415
104
364
927
434
821
776
250
186
946
122
535
292
545
455
108
325
697
434
610
621
597
105
605
185
697
86
59
426
