743
415
105
778
387
53
899
538
253
97
291
194
489
828
748
478
642
275
855
342
755
547
868
709
277
184
633
682
632
73
239
842
696
367
407
543
648
167
65
645
606
777
208
913
409
376
839
95
851
787
661
569
376
709
133
275
500
90
593
698
740
456
294
707
517
221
712
495
821
604
195
533
444
722
392
571
456
810
436
398
824
758
914
88
291
245
933
929
632
102
743
110
709
54
587
533
425
423
430
750
245
918
726
775
318
891
626
403
131
336
786
232
96
913
777
719
530
764
52
634
246
789
120
714
787
773
459
649
381
594
774
287
134
705
605
292
858
545
918
57
56
279
227
926
542
672
223
649
382
534
289
855
212
638
730
914
539
853
537
128
496
670
566
696
532
640
888
858
490
144
732
891
743
630
700
568
334
482
632
889
132
52
400
645
595
155
375
500
863
768
