852
703
643
947
161
549
764
335
312
737
489
488
839
773
841
92
548
607
252
291
539
405
486
363
377
796
103
596
109
483
85
599
545
235
107
369
282
235
124
232
700
224
419
131
202
210
729
565
326
217
691
488
699
887
251
754
525
133
547
95
551
290
378
767
857
907
668
209
371
370
861
363
325
201
200
535
760
287
730
743
846
328
920
890
210
782
756
751
757
562
794
755
195
824
608
824
203
288
533
228
852
322
594
759
597
286
725
400
568
761
530
720
918
613
109
401
384
631
740
229
546
823
786
853
787
886
501
924
413
948
292
292
610
373
411
488
596
430
620
499
621
98
200
366
594
863
128
737
291
643
221
572
729
230
421
629
550
608
542
750
612
124
370
932
742
477
594
862
539
621
606
200
284
592
422
788
552
857
186
712
595
293
551
703
593
913
386
860
416
227
