61
716
594
179
885
750
52
129
323
455
102
102
906
940
386
598
790
936
744
553
509
237
789
188
209
481
81
722
764
931
316
456
327
935
457
625
214
204
556
187
417
288
379
387
356
554
285
540
742
426
379
718
948
241
237
869
863
936
290
367
380
395
399
182
216
779
107
327
502
94
738
223
202
131
862
776
930
202
413
147
188
399
939
719
784
572
704
550
703
480
614
594
739
281
479
489
749
802
455
208
134
923
198
635
327
724
248
275
665
205
174
60
755
890
414
429
784
123
858
429
821
763
211
289
373
701
97
537
942
732
921
539
641
502
94
675
851
197
731
421
614
259
700
528
391
939
312
549
777
857
826
628
627
710
328
469
663
568
363
822
642
774
765
591
614
211
324
824
485
403
553
226
659
193
444
329
398
551
246
861
850
417
919
641
58
61
336
102
607
705
