213
383
367
539
755
146
242
725
480
704
543
655
892
389
670
536
699
736
278
291
483
612
609
187
212
384
541
196
941
50
224
649
532
594
562
368
440
186
191
425
101
430
665
64
547
212
381
267
244
556
185
729
928
753
377
649
436
724
127
548
936
125
758
427
693
842
742
290
668
64
244
540
917
359
435
695
949
434
131
473
845
790
248
168
379
289
878
534
720
364
287
939
276
915
615
372
806
89
454
709
293
922
432
236
183
767
332
689
286
95
186
313
696
724
103
719
599
696
572
551
215
604
128
387
732
500
924
428
799
501
509
436
781
493
218
559
498
181
593
698
484
477
693
717
542
62
634
587
478
735
748
97
477
707
195
929
946
764
544
847
486
894
207
493
717
844
433
128
396
715
769
491
945
546
826
427
384
72
338
761
860
63
434
754
566
423
405
891
227
714
