713
693
602
565
98
569
477
738
482
904
396
499
794
363
789
426
860
412
401
617
638
240
694
634
860
774
189
636
63
323
58
692
916
776
367
655
65
500
56
762
708
845
250
95
553
378
111
784
708
429
639
946
329
86
383
232
497
483
753
742
590
478
778
191
705
54
400
519
485
619
245
436
365
562
98
672
335
722
436
431
198
86
862
251
54
235
604
646
778
713
790
744
862
913
724
940
364
102
913
849
797
421
382
551
134
892
400
361
335
668
944
886
201
54
753
601
715
691
381
278
383
91
196
90
698
493
924
883
547
241
568
280
762
947
106
948
729
148
237
782
613
714
539
745
716
646
236
794
762
605
457
643
847
218
893
132
761
637
66
326
823
312
103
530
949
135
598
540
665
292
389
397
603
408
436
553
711
193
761
124
891
707
610
223
229
637
795
410
501
228
