540
557
857
696
282
160
943
321
783
883
778
247
774
642
552
736
110
918
211
557
748
694
855
331
92
884
767
924
765
857
602
225
552
734
537
91
430
239
502
501
799
366
857
326
623
224
260
638
885
111
692
235
207
940
458
326
185
233
572
229
669
591
896
614
841
99
885
411
538
543
889
98
635
920
534
96
717
205
415
53
369
856
399
329
193
666
288
398
95
452
407
398
518
332
850
422
416
936
728
636
220
191
857
550
672
409
412
930
611
333
615
705
389
246
490
634
180
725
67
322
433
793
759
693
726
412
672
200
617
136
720
423
536
400
589
863
759
376
368
919
107
424
567
316
208
886
165
392
560
721
501
779
733
643
326
850
107
634
597
337
662
278
781
785
369
888
731
712
787
495
249
359
282
597
130
796
533
718
628
219
774
133
602
757
730
604
591
664
211
655
