51
136
379
845
401
735
488
362
229
839
642
358
207
421
547
727
278
395
845
283
799
589
620
383
206
681
185
85
349
939
732
717
860
182
286
639
647
109
248
766
920
544
700
276
293
560
751
571
662
489
198
388
856
791
603
882
730
556
235
784
719
236
851
587
602
698
795
379
850
692
913
114
749
507
840
612
56
823
758
714
361
229
388
532
862
379
855
856
157
570
639
390
778
712
665
84
720
327
602
571
160
236
695
782
629
144
772
555
455
171
723
593
853
251
436
498
262
478
369
874
131
611
886
564
87
670
372
826
727
196
572
532
532
611
920
719
79
332
885
941
389
846
889
633
323
737
235
827
789
694
948
326
696
132
585
705
126
292
616
468
889
636
481
911
921
890
723
718
416
598
831
320
747
657
561
447
606
182
592
202
721
949
704
325
572
827
321
808
853
50
