26
14
5
13
10
15
6
26
3
24
3
28
25
3
4
23
7
13
4
16
27
6
2
24
26
23
9
22
14
13
10
11
14
29
26
20
8
1
22
7
24
25
20
8
22
8
26
1
28
23
7
11
1
13
26
17
8
1
6
20
25
23
14
5
15
29
3
16
8
30
3
6
2
5
30
9
12
29
9
25
10
7
26
12
26
12
3
16
16
18
19
27
29
5
30
26
15
7
6
29
27
22
21
28
12
22
4
20
15
13
24
5
23
2
15
1
30
12
25
13
21
27
28
15
25
7
5
14
13
17
20
2
13
1
25
4
10
17
3
6
29
30
29
30
29
19
9
24
27
30
4
6
4
15
17
15
15
11
29
21
29
4
4
4
21
4
25
11
26
30
10
21
17
15
22
15
2
30
6
17
9
29
16
1
6
20
22
4
27
14
6
14
29
20
26
10
25
6
3
13
14
6
11
5
13
27
12
17
28
17
17
12
30
28
25
16
11
20
7
6
24
30
18
28
21
27
11
9
2
20
28
16
3
9
26
25
13
29
8
15
23
11
20
23
17
17
17
8
8
23
5
8
17
13
22
10
16
29
19
28
9
8
11
20
3
27
22
18
8
2
2
10
1
3
20
7
22
5
1
9
3
17
23
20
7
27
20
28
26
25
12
29
24
26
10
18
1
21
14
11
16
26
25
30
12
3
4
27
11
19
21
2
26
20
27
16
20
11
3
1
6
20
7
1
24
23
5
2
6
1
30
19
11
14
22
11
8
30
6
2
7
1
14
10
3
3
4
17
19
3
22
4
30
14
18
20
4
1
14
24
15
10
13
8
11
10
8
2
12
1
19
13
18
19
5
12
15
10
1
22
5
9
5
3
21
16
11
1
15
13
3
15
16
13
9
8
25
17
13
1
24
16
28
1
6
11
25
15
23
7
8
24
25
11
8
9
21
27
26
12
8
30
21
20
12
23
24
21
8
30
12
5
1
20
18
15
10
19
11
10
22
29
28
29
3
13
24
29
13
8
2
12
20
14
10
20
15
18
17
25
11
19
26
10
15
14
20
22
8
29
29
29
9
22
14
28
30
1
22
19
9
8
10
28
6
8
14
9
4
2
10
10
5
3
6
19
12
10
3
8
23
22
23
19
28
24
4
12
16
13
21
12
25
12
9
27
2
15
10
22
5
5
6
17
21
4
3
8
18
11
17
5
26
17
14
27
28
10
25
27
17
1
4
18
24
18
11
23
12
9
16
30
8
18
28
4
23
8
30
8
26
17
30
3
20
4
2
7
5
7
18
29
7
11
15
7
4
3
13
22
17
8
26
27
15
20
11
15
9
17
9
27
18
28
18
10
25
19
14
6
20
27
9
28
6
6
15
21
7
30
25
24
9
6
19
7
9
26
13
16
25
11
27
7
14
26
22
1
19
9
15
13
16
14
6
18
5
7
29
10
1
11
5
13
28
3
2
19
28
16
1
19
13
12
27
4
18
30
2
27
23
26
17
15
30
30
19
27
5
25
30
13
4
25
19
1
15
12
7
20
2
15
12
14
26
18
16
9
24
11
23
21
29
5
19
28
14
28
15
10
14
18
21
25
1
19
21
13
26
5
2
19
5
8
19
10
8
12
1
3
14
13
23
30
8
15
6
18
1
20
25
15
25
17
1
27
8
12
11
16
20
28
24
17
27
22
10
4
27
25
4
4
3
3
6
12
25
2
5
8
19
10
16
4
20
17
22
15
19
7
5
12
12
12
19
20
5
29
24
30
15
30
3
21
25
10
1
16
21
9
2
1
28
18
21
9
14
8
20
4
16
18
14
17
11
19
26
14
13
27
3
17
21
9
20
2
16
14
16
7
6
12
2
16
24
24
8
15
1
30
24
21
2
15
2
15
14
5
2
2
13
30
16
25
1
5
16
12
23
20
8
16
29
13
2
22
11
7
18
13
8
17
10
3
14
9
10
10
9
22
25
1
12
15
14
22
1
14
13
27
20
20
21
25
22
27
30
12
29
10
28
23
10
25
16
3
5
29
11
30
20
25
15
23
17
2
8
4
27
10
4
7
5
27
15
26
23
24
2
10
12
13
25
27
21
6
22
26
13
8
28
15
23
24
20
4
29
28
9
25
8
30
23
7
14
22
13
30
7
1
30
5
3
9
24
8
18
25
30
3
12
24
14
7
13
26
11
20
30
10
18
20
17
19
7
2
30
4
18
4
27
16
12
5
20
6
21
30
1
29
1
21
19
5
16
6
11
22
5
8
