011111111110
011111110101
011111110001
011111110000
011111101111
011111101010
011111100111
011111100110
011111100011
011111100000
011111011101
011111011010
011111011001
011111010111
011111001010
011110111011
011110111010
011110110110
011110110101
011110101111
011110101101
011110100110
011110100100
011110100011
011110100000
011110011110
011110011000
011110010101
011110010100
011110010011
011110000111
011110000001
011101111101
011101111100
011101111000
011101101111
011101101011
011101101001
011101100111
011101001101
011101000011
011100110110
011100101001
011100100011
011100100010
011100011111
011100001110
011100001011
011100001001
011100000001
011100000000
011011111111
011011111110
011011111101
011011101110
011011101101
011011101011
011011101001
011011100000
011011011111
011011010011
011011010000
011011001100
011011000101
011010111110
011010111101
011010111100
011010110111
011010110101
011010110001
011010101101
011010100101
011010100100
011010100010
011010011111
011010011101
011010010100
011010001110
011010001010
011010000000
011001111010
011001110100
011001110011
011001101111
011001101010
011001100100
011001100010
011001011000
011001010000
011001001101
011001001010
011001000111
011001000110
011001000101
011000111101
011000111100
011000111001
011000111000
011000110110
011000101111
011000101110
011000101101
011000101010
011000101001
011000100111
011000100000
011000011111
011000011110
011000011010
011000011001
011000010110
011000010101
011000010100
011000001111
011000001100
011000001000
011000000111
011000000110
011000000010
011000000000
010111111011
010111111001
010111110111
010111110011
010111101011
010111101000
010111100111
010111100000
010111011111
010111011000
010111010100
010111010011
010111001001
010111000111
010111000010
010110111001
010110110110
010110110100
010110110000
010110100100
010110100011
010110011111
010110011110
010110011101
010110011011
010110011010
010110011000
010110010100
010110001101
010110001011
010110001001
010110000101
010110000011
010101111111
010101110111
010101110101
010101110011
010101110000
010101101111
010101101100
010101100111
010101100110
010101100101
010101100011
010101100010
010101100000
010101001110
010101001011
010101001000
010101000111
010101000101
010101000010
010101000001
010100111001
010100110111
010100101111
010100100110
010100100001
010100010110
010100010011
010100010000
010100001011
010100001001
010100000111
010100000101
010100000000
010011111000
010011101101
010011101011
010011100111
010011011110
010011011100
010011011011
010011011001
010011010111
010011010101
010011001111
010011001000
010011000111
010011000110
010011000100
010011000011
010011000000
010010111101
010010111001
010010110000
010010101110
010010101011
010010100111
010010100011
010010100010
010010100000
010010011110
010010011100
010010011010
010010010110
010010010101
010010001110
010010001100
010010000110
010010000100
010010000010
010001111110
010001111010
010001110010
010001110001
010001101001
010001100011
010001010101
010001001111
010000111011
010000111001
010000101110
010000101100
010000101001
010000100101
010000011111
010000011010
010000011000
010000010111
010000010011
010000000111
010000000100

001111111111
001111111101
001111111100
001111111001
001111110111
001111110101
001111101011
001111100011
001111011110
001111011010
001111010111
001111010100
001111001111
001111001010
001111000011
001111000010
001110111101
001110111010
001110110100
001110101101
001110101100
001110101010
001110100011
001110100001
001110010110
001110010100
001110001001
001110001000
001101111111
001101111100
001101111011
001101111001
001101110010
001101110000
001101101101
001101101000
001101100100
001101011110
001101011010
001101011001
001101001001
001101001000
001100111001
001100110110
001100110100
001100101100
001100101001
001100100101
001100100001
001100011100
001100011011
001100010110
001100010100
001100001101
001100001001
001100000011
001011111101
001011110111
001011110100
001011110001
001011101011
001011101010
001011101001
001011100101
001011011100
001011011000
001011010110
001011010101
001011010100
001010111110
001010111011
001010111001
001010110110
001010110011
001010101110
001010101100
001010100111
001010100010
001010010111
001010010101
001010010001
001010001101
001010000110
001010000011
001001111010
001001111000
001001110011
001001101111
001001101101
001001101000
001001100111
001001100001
001001100000
001001011010
001001010100
001001010000
001001001110
001001001010
001001001001
001001000111
001001000100
001001000010
001001000000
001000111111
001000111110
001000111101
001000110111
001000110101
001000110010
001000101100
001000101011
001000100011
001000100010
001000100001
001000011101
001000011000
001000010110
001000010100
001000010010
001000000100
001000000000
000111111010
000111110100
000111110010
000111101001
000111100011
000111100000
000111011111
000111011011
000111011001
000111010110
000111010011
000111001111
000111001110
000111001000
000111000110
000111000101
000111000010
000110111100
000110111011
000110111000
000110110111
000110110011
000110101100
000110101011
000110100111
000110100100
000110100011
000110011111
000110011100
000110011010
000110010111
000110010110
000110010101
000110010011
000110000100
000110000011
000110000001
000101111111
000101111101
000101111100
000101110110
000101110101
000101110100
000101110010
000101101100
000101101011
000101101001
000101101000
000101100111
000101100011
000101100001
000101011101
000101011100
000101011000
000101001101
000101001001
000101000101
000101000100
000100111111
000100111010
000100111001
000100111000
000100110110
000100110010
000100101111
000100101101
000100101011
000100101000
000100100010
000100011110
000100011010
000100011000
000100010111
000100010110
000100010001
000100001110
000100001001
000100000111
000100000110
000100000010
000100000000
000011111000
000011110110
000011110010
000011110001
000011101110
000011101000
000011100111
000011011111
000011011110
000011011000
000011010110
000011001101
000011001100
000011000110
000011000100
000010111111
000010111110
000010101100
000010100110
000010100011
000010100010
000010001001
000010000000
000001111111
000001111001
000001111000
000001110110
000001110100
000001110011
000001101101
000001101100
000001101001
000001100111
000001100101
000001011101
000001011100
000001011001
000001011000
000001010110
000001010011
000001001011
000000111110
000000110001
000000101100
000000101011
000000101010
000000100110
000000100101
000000100010
000000100001
000000010110
000000010101
000000001111
000000001110
000000000110
000000000011
