011111111110
011111110101
011111110001
011111110000
011111101111
011111101010
011111100111
011111100110
011111100011
011111100000
011111011101
011111011010
011111011001
011111010111
011111001010
011110111011
011110111010
011110110110
011110110101
011110101111
011110101101
011110100110
011110100100
011110100011
011110100000
011110011110
011110011000
011110010101
011110010100
011110010011
011110000111
011110000001
011101111101
011101111100
011101111000
011101101111
011101101011
011101101001
011101100111
011101001101
011101000011
011100110110
011100101001
011100100011
011100100010
011100011111
011100001110
011100001011
011100001001
011100000001
011100000000
011011111111
011011111110
011011111101
011011101110
011011101101
011011101011
011011101001
011011100000
011011011111
011011010011
011011010000
011011001100
011011000101
011010111110
011010111101
011010111100
011010110111
011010110101
011010110001
011010101101
011010100101
011010100100
011010100010
011010011111
011010011101
011010010100
011010001110
011010001010
011010000000
011001111010
011001110100
011001110011
011001101111
011001101010
011001100100
011001100010
011001011000
011001010000
011001001101
011001001010
011001000111
011001000110
011001000101
011000111101
011000111100
011000111001
011000111000
011000110110
011000101111
011000101110
011000101101
011000101010
011000101001
011000100111
011000100000
011000011111
011000011110
011000011010
011000011001
011000010110
011000010101
011000010100
011000001111
011000001100
011000001000
011000000111
011000000110
011000000010
011000000000
010111111011
010111111001
010111110111
010111110011
010111101011
010111101000
010111100111
010111100000
010111011111
010111011000
010111010100
010111010011
010111001001
010111000111
010111000010
010110111001
010110110110
010110110100
010110110000
010110100100
010110100011
010110011111
010110011110
010110011101
010110011011
010110011010
010110011000
010110010100
010110001101
010110001011
010110001001
010110000101
010110000011
010101111111
010101110111
010101110101
010101110011
010101110000
010101101111
010101101100
010101100111
010101100110
010101100101
010101100011
010101100010
010101100000
010101001110
010101001011
010101001000
010101000111
010101000101
010101000010
010101000001
010100111001
010100110111
010100101111
010100100110
010100100001
010100010110
010100010011
010100010000
010100001011
010100001001
010100000111
010100000101
010100000000
010011111000
010011101101
010011101011
010011100111
010011011110
010011011100
010011011011
010011011001
010011010111
010011010101
010011001111
010011001000
010011000111
010011000110
010011000100
010011000011
010011000000
010010111101
010010111001
010010110000
010010101110
010010101011
010010100111
010010100011
010010100010
010010100000
010010011110
010010011100
010010011010
010010010110
010010010101
010010001110
010010001100
010010000110
010010000100
010010000010
010001111110
010001111010
010001110010
010001110001
010001101001
010001100011
010001010101
010001001111
010000111011
010000111001
010000101110
010000101100
010000101001
010000100101
010000011111
010000011010
010000011000
010000010111
010000010011
010000000111
010000000100
