110111111101
110111111000
110111110111
110111110110
110111110100
110111110010
110111110000
110111100111
110111100110
110111100010
110111011111
110111010100
110111001110
110111001101
110111001100
110111001010
110111000011
110111000000
110110111100
110110111010
110110111000
110110110111
110110101001
110110100111
110110100010
110110011110
110110011101
110110011010
110110010001
110110001011
110110001010
110110001000
110110000101
110110000001
110101111110
110101110110
110101101110
110101100110
110101011100
110101011001
110101010101
110101010100
110101001010
110101000111
110101000100
110101000010
110101000001
110100110111
110100110100
110100110010
110100110001
110100101111
110100101101
110100101011
110100101000
110100100110
110100011011
110100011010
110100010111
110100010101
110100001110
110100001001
110100000111
110100000011
110100000000
