001111111111
001111111101
001111111100
001111111001
001111110111
001111110101
001111101011
001111100011
001111011110
001111011010
001111010111
001111010100
001111001111
001111001010
001111000011
001111000010
001110111101
001110111010
001110110100
001110101101
001110101100
001110101010
001110100011
001110100001
001110010110
001110010100
001110001001
001110001000
001101111111
001101111100
001101111011
001101111001
001101110010
001101110000
001101101101
001101101000
001101100100
001101011110
001101011010
001101011001
001101001001
001101001000
001100111001
001100110110
001100110100
001100101100
001100101001
001100100101
001100100001
001100011100
001100011011
001100010110
001100010100
001100001101
001100001001
001100000011
001011111101
001011110111
001011110100
001011110001
001011101011
001011101010
001011101001
001011100101
001011011100
001011011000
001011010110
001011010101
001011010100
001010111110
001010111011
001010111001
001010110110
001010110011
001010101110
001010101100
001010100111
001010100010
001010010111
001010010101
001010010001
001010001101
001010000110
001010000011
001001111010
001001111000
001001110011
001001101111
001001101101
001001101000
001001100111
001001100001
001001100000
001001011010
001001010100
001001010000
001001001110
001001001010
001001001001
001001000111
001001000100
001001000010
001001000000
001000111111
001000111110
001000111101
001000110111
001000110101
001000110010
001000101100
001000101011
001000100011
001000100010
001000100001
001000011101
001000011000
001000010110
001000010100
001000010010
001000000100
001000000000
