000111111010
000111110100
000111110010
000111101001
000111100011
000111100000
000111011111
000111011011
000111011001
000111010110
000111010011
000111001111
000111001110
000111001000
000111000110
000111000101
000111000010
000110111100
000110111011
000110111000
000110110111
000110110011
000110101100
000110101011
000110100111
000110100100
000110100011
000110011111
000110011100
000110011010
000110010111
000110010110
000110010101
000110010011
000110000100
000110000011
000110000001
000101111111
000101111101
000101111100
000101110110
000101110101
000101110100
000101110010
000101101100
000101101011
000101101001
000101101000
000101100111
000101100011
000101100001
000101011101
000101011100
000101011000
000101001101
000101001001
000101000101
000101000100
000100111111
000100111010
000100111001
000100111000
000100110110
000100110010
000100101111
000100101101
000100101011
000100101000
000100100010
000100011110
000100011010
000100011000
000100010111
000100010110
000100010001
000100001110
000100001001
000100000111
000100000110
000100000010
000100000000
000011111000
000011110110
000011110010
000011110001
000011101110
000011101000
000011100111
000011011111
000011011110
000011011000
000011010110
000011001101
000011001100
000011000110
000011000100
000010111111
000010111110
000010101100
000010100110
000010100011
000010100010
000010001001
000010000000
000001111111
000001111001
000001111000
000001110110
000001110100
000001110011
000001101101
000001101100
000001101001
000001100111
000001100101
000001011101
000001011100
000001011001
000001011000
000001010110
000001010011
000001001011
000000111110
000000110001
000000101100
000000101011
000000101010
000000100110
000000100101
000000100010
000000100001
000000010110
000000010101
000000001111
000000001110
000000000110
000000000011
