292
603
81
799
265
532
414
753
904
794
66
186
122
629
297
946
617
422
304
668
405
520
340
713
984
560
212
155
582
365
861
482
719
656
229
351
921
891
780
755
951
526
878
567
594
140
226
274
67
367
679
890
269
242
902
663
227
94
762
533
916
120
163
576
592
625
431
57
93
419
119
114
701
813
166
788
573
100
266
600
704
693
647
52
551
135
900
380
945
132
957
579
348
437
202
702
506
283
877
372
393
531
309
549
99
222
322
489
447
51
398
442
942
320
82
797
915
754
369
390
765
829
964
783
180
564
232
674
563
574
512
149
608
857
349
188
185
911
830
828
216
473
685
302
503
818
972
128
528
154
497
697
935
669
521
686
158
429
819
400
46
738
211
901
499
810
705
779
537
413
461
966
626
459
683
401
661
327
544
225
899
399
190
235
525
90
653
157
860
815
527
72
209
632
814
195
518
143
233
131
554
730
516
850
849
148
62
550
620
317
215
635
584
978
439
428
944
589
200
615
864
981
193
595
267
451
721
801
80
184
411
572
869
339
932
371
974
979
147
590
85
490
95
150
542
954
409
777
306
205
750
657
887
273
253
747
680
177
53
823
230
208
92
843
201
796
138
837
871
210
129
54
771
397
640
960
836
70
991
224
908
156
706
841
659
695
284
715
956
583
553
172
379
168
275
368
278
874
453
486
187
443
571
699
96
764
844
892
598
690
472
500
219
759
689
727
476
103
366
746
121
432
547
144
519
886
48
961
318
872
895
559
593
79
786
315
207
845
929
510
614
73
113
941
305
722
687
924
952
255
896
332
816
556
807
374
708
824
793
498
59
403
468
760
665
735
791
392
854
541
922
988
169
262
479
858
588
737
160
778
667
391
587
444
752
276
732
745
601
344
134
457
889
535
300
580
480
923
333
898
618
325
60
58
424
761
282
658
514
627
959
507
597
611
259
298
382
126
546
586
980
469
678
920
249
330
637
599
130
934
254
853
508
985
341
64
651
264
645
496
970
581
359
610
440
289
585
199
939
639
98
475
885
774
338
963
136
56
251
458
145
481
666
159
822
237
949
425
454
329
728
389
883
299
335
296
918
925
804
141
723
494
167
515
483
203
897
69
86
756
688
74
724
358
558
243
291
509
455
460
714
763
893
782
112
570
49
790
555
575
360
707
448
641
355
936
840
682
624
543
241
456
631
321
110
856
937
271
280
539
619
655
102
192
250
502
272
873
734
716
868
606
89
105
261
485
310
316
622
536
239
958
912
124
848
862
248
308
806
749
314
84
648
511
383
477
540
838
739
470
402
711
720
495
404
257
947
785
784
370
142
855
311
927
561
218
337
323
240
331
821
449
326
638
408
876
474
513
418
319
228
602
334
61
928
107
596
354
817
345
787
552
343
407
68
221
78
938
423
910
417
287
950
612
123
962
236
71
805
773
377
153
484
743
362
356
384
430
501
712
170
293
252
846
986
692
420
488
164
295
263
450
650
270
194
522
288
381
628
833
859
281
213
406
50
395
741
652
220
662
178
609
342
65
867
827
977
352
466
875
636
880
285
116
523
373
387
217
108
421
307
903
47
905
174
757
917
125
433
246
607
313
616
694
111
247
740
604
245
888
684
717
926
776
396
127
565
851
152
196
478
471
231
445
385
181
530
781
748
775
698
894
913
634
350
545
943
562
416
76
146
427
462
709
591
758
948
800
930
244
279
700
357
378
412
324
826
363
83
328
863
884
375
772
133
517
976
312
569
491
795
733
260
487
792
623
881
446
353
909
77
504
808
436
906
731
831
290
415
907
109
969
234
182
179
463
388
768
175
726
852
151
435
303
770
452
870
238
137
364
139
630
989
718
769
811
975
742
63
524
809
940
990
438
802
101
426
968
191
676
751
842
118
933
803
189
660
465
865
703
294
505
847
955
642
646
832
673
97
104
729
681
825
664
467
256
566
644
812
677
286
493
204
725
91
643
548
115
197
744
223
710
87
492
277
621
919
162
376
394
931
268
214
696
301
361
161
672
835
410
967
173
767
386
568
165
982
464
654
914
971
983
882
106
347
670
987
538
336
953
649
183
441
766
613
206
973
798
866
198
834
736
557
176
820
839
605
171
577
117
671
529
258
633
965
346
55
88
578
691
789
675
75
879
434
