000011111000
000011110110
000011110010
000011110001
000011101110
000011101000
000011100111
000011011111
000011011110
000011011000
000011010110
000011001101
000011001100
000011000110
000011000100
000010111111
000010111110
000010101100
000010100110
000010100011
000010100010
000010001001
000010000000
000001111111
000001111001
000001111000
000001110110
000001110100
000001110011
000001101101
000001101100
000001101001
000001100111
000001100101
000001011101
000001011100
000001011001
000001011000
000001010110
000001010011
000001001011
000000111110
000000110001
000000101100
000000101011
000000101010
000000100110
000000100101
000000100010
000000100001
000000010110
000000010101
000000001111
000000001110
000000000110
000000000011
