13
11
2
10
19
29
23
8
28
12
17
23
2
15
14
10
19
10
30
7
5
23
20
4
2
14
23
29
21
10
12
13
2
16
18
12
17
25
15
18
23
12
7
23
5
22
15
5
28
23
15
8
15
18
1
13
18
22
22
29
21
8
30
7
30
3
18
7
3
16
28
24
18
18
4
30
12
22
1
2
11
24
27
4
2
24
23
28
4
30
19
3
25
19
21
13
10
4
6
25
12
3
17
19
11
28
3
17
18
12
19
4
22
29
16
28
18
11
28
17
1
1
27
13
13
29
29
6
18
7
9
11
11
25
29
29
21
25
9
15
27
6
22
20
25
19
30
30
10
14
17
18
5
17
20
27
14
9
16
18
3
13
30
20
22
28
16
9
26
23
7
23
9
21
29
13
25
11
21
6
26
21
26
16
12
7
2
22
11
27
8
11
3
21
16
22
9
13
9
22
23
19
29
18
25
24
9
9
12
21
25
25
14
15
6
2
19
30
23
21
29
4
22
3
6
3
7
11
9
22
13
19
20
4
7
19
1
23
26
15
21
2
28
18
17
26
7
12
8
15
29
25
28
18
24
16
7
11
15
6
3
16
27
24
21
24
22
8
7
9
17
29
25
9
27
21
4
8
14
27
18
27
17
11
6
29
16
30
20
1
12
15
21
13
16
9
14
15
9
23
2
9
16
20
11
2
7
7
26
24
17
8
15
12
24
26
4
13
22
7
18
8
2
12
24
26
17
24
5
5
18
21
28
20
4
24
5
1
1
5
11
20
30
22
26
17
27
26
11
26
19
1
27
28
14
5
25
15
14
18
27
5
7
2
15
25
29
3
13
27
30
19
6
21
29
23
19
5
15
16
19
12
18
25
9
20
9
21
2
8
7
30
15
27
18
27
9
2
13
26
26
30
17
15
26
11
26
4
8
25
28
18
4
25
27
16
13
3
5
27
2
23
30
18
14
30
6
7
6
30
3
6
7
6
16
22
20
24
24
9
6
9
5
25
30
13
9
14
24
25
26
19
6
5
27
26
21
26
11
26
1
19
28
2
30
30
3
14
18
4
6
26
10
12
28
14
3
17
27
23
25
24
25
13
7
20
22
16
24
17
4
10
14
10
3
7
10
26
20
8
24
9
17
28
20
17
1
1
6
22
21
21
24
16
28
16
12
12
11
9
24
11
25
20
8
26
19
12
2
5
12
2
17
18
11
4
5
9
7
15
11
14
14
14
25
14
8
1
4
24
6
15
30
11
30
18
14
28
28
30
6
30
30
4
15
28
30
12
10
29
9
21
14
16
6
24
20
9
8
7
14
13
15
27
11
29
12
2
23
1
23
9
16
24
11
26
5
1
3
3
15
17
10
24
11
3
8
14
21
13
29
28
4
15
9
14
9
11
26
21
17
21
11
3
8
20
29
11
10
5
17
6
15
4
16
11
2
3
20
1
23
15
14
8
11
17
23
13
12
23
12
8
19
2
26
16
8
15
16
8
8
20
6
30
4
13
7
13
6
20
3
27
30
25
16
3
6
29
24
7
3
27
10
3
1
24
29
2
1
8
11
30
27
6
29
4
3
30
7
1
25
24
17
13
15
1
16
6
15
19
28
20
7
26
15
23
2
13
27
29
16
13
22
9
27
27
1
29
18
8
10
25
22
26
4
11
9
22
11
2
27
13
2
1
4
20
12
15
2
4
16
4
16
26
6
12
20
29
4
4
13
20
15
5
16
19
17
16
1
1
23
6
25
27
27
14
1
27
20
24
15
15
26
24
25
29
25
11
7
7
26
18
26
10
30
9
16
27
9
13
18
15
19
10
29
18
11
6
24
1
9
29
26
9
20
28
5
3
16
26
30
11
10
2
30
14
4
28
19
26
30
17
26
24
23
27
15
29
30
1
5
2
7
21
25
29
13
3
20
12
30
15
16
28
25
15
20
12
1
27
16
26
11
12
12
17
14
20
26
13
30
28
29
17
24
24
6
25
17
19
15
23
29
9
5
27
18
5
29
11
29
15
9
1
27
29
3
7
21
13
16
10
14
14
4
8
9
22
2
19
29
14
18
7
1
23
17
10
22
1
19
23
27
15
7
9
21
12
21
3
9
29
25
2
2
19
24
27
20
6
29
11
11
7
20
18
25
10
2
10
10
11
16
15
10
28
24
4
4
26
12
7
2
27
2
26
4
17
19
18
6
30
2
13
23
28
17
11
26
28
6
6
17
20
5
14
14
28
5
29
23
16
17
13
21
3
26
2
3
9
