4
419
424
651
655
2
736
657
252
532
574
157
468
502
467
911
791
174
796
800
273
388
17
371
692
745
381
859
109
835
355
968
979
134
614
510
901
958
95
676
890
280
593
555
39
399
293
109
260
306
49
125
706
728
410
617
923
462
352
129
648
332
947
768
672
98
368
271
141
731
734
16
133
428
398
154
643
695
22
490
474
902
996
91
653
439
480
156
492
408
469
777
803
78
567
542
286
75
293
234
237
151
793
350
883
621
494
167
853
747
703
938
851
281
772
598
275
92
416
331
200
459
615
748
624
934
964
515
917
694
758
250
153
259
313
361
896
581
620
959
677
43
181
147
139
542
531
412
845
489
378
429
583
811
584
738
79
599
650
299
506
425
901
84
931
274
366
331
56
9
58
385
336
243
792
345
717
311
737
875
609
644
832
230
380
308
556
194
732
528
341
281
408
683
679
812
557
888
120
450
329
30
698
698
875
50
856
986
834
263
430
99
439
639
563
228
758
137
859
675
324
471
450
955
914
981
941
55
98
774
689
666
420
891
150
420
503
95
90
17
372
513
258
392
116
326
883
913
85
422
533
168
617
8
613
455
424
142
921
744
923
876
851
23
232
790
855
350
550
670
904
23
906
337
438
134
334
619
377
250
754
558
974
922
99
89
235
252
429
564
436
125
842
785
849
962
728
91
48
41
395
551
313
952
612
392
106
941
917
326
393
128
609
101
631
318
166
460
672
620
288
263
259
73
525
867
437
567
99
468
608
573
497
201
203
2
375
484
311
720
444
668
742
447
394
450
150
422
132
795
921
17
795
788
292
190
166
437
160
334
701
470
599
634
507
193
301
874
932
81
633
553
593
47
619
38
421
400
275
247
177
959
232
919
258
882
916
70
66
2
734
771
455
765
758
38
302
116
353
712
589
540
985
996
450
715
628
322
144
962
839
931
588
410
652
25
640
492
510
15
493
683
248
100
902
975
998
605
530
572
311
425
453
492
434
288
274
99
868
828
53
15
367
352
892
954
75
823
423
817
768
302
654
262
783
772
629
723
914
559
492
103
655
680
183
714
849
605
793
111
882
920
911
23
656
43
673
506
421
471
195
114
121
744
58
759
770
857
87
838
635
329
534
661
199
228
197
64
859
847
41
625
987
529
104
602
592
241
290
483
322
91
257
904
945
199
231
537
683
448
264
307
674
469
538
461
430
85
422
466
49
832
215
965
865
993
685
11
98
93
38
674
697
267
816
895
629
591
368
916
63
916
466
128
570
181
256
130
288
278
39
951
662
378
218
654
674
854
722
231
862
109
943
745
868
472
163
249
232
236
416
377
357
542
860
865
368
839
140
962
901
818
13
818
746
829
335
516
584
480
713
626
206
989
636
397
240
166
72
797
729
663
298
590
618
422
195
540
446
568
432
519
529
786
440
345
296
638
15
624
136
182
77
284
157
433
767
983
581
365
436
458
579
818
316
114
372
415
938
965
335
865
406
893
166
764
629
557
954
801
640
750
534
980
882
277
448
457
11
689
368
914
893
800
951
754
148
735
390
288
273
189
240
157
921
473
600
611
632
24
701
703
625
649
447
662
762
947
581
222
238
72
717
563
273
956
33
956
146
588
453
979
967
144
725
779
64
433
911
613
268
445
458
91
747
728
37
780
756
556
280
547
922
754
236
718
80
753
616
338
490
35
67
30
59
268
237
451
302
365
225
437
248
72
577
537
956
545
479
112
280
322
422
804
907
321
298
49
169
880
816
366
729
460
719
825
245
877
488
499
918
69
877
780
838
512
491
402
602
638
626
77
342
74
416
292
335
145
320
315
618
985
261
890
797
782
991
774
409
920
558
668
897
927
465
971
440
859
891
7
928
938
939
376
605
849
635
958
525
198
466
442
444
129
893
78
852
378
97
374
579
497
142
387
861
894
755
592
326
53
966
925
864
699
526
58
496
556
815
232
941
686
637
574
531
721
317
830
360
689
790
621
868
16
952
956
793
750
184
454
439
293
990
664
523
127
625
514
571
458
526
77
802
782
385
710
750
964
370
951
83
384
447
647
95
644
663
572
165
455
397
616
228
26
208
877
64
936
952
62
923
576
919
882
490
441
59
76
293
338
117
210
108
253
998
969
606
752
796
934
96
844
669
242
471
732
67
784
198
109
219
128
850
809
719
289
441
510
417
670
791
803
332
905
115
965
125
90
103
407
205
380
778
799
402
403
814
532
159
505
507
811
831
450
939
182
951
367
972
758
122
933
835
733
347
783
186
464
479
532
383
436
535
632
338
176
669
705
856
133
914
798
890
955
159
404
526
248
471
292
676
511
796
697
661
526
989
482
891
826
652
234
935
329
651
879
868
13
130
454
586
274
282
318
467
90
417
417
463
46
261
499
334
392
432
48
130
304
285
715
504
838
938
866
656
213
550
454
881
83
903
134
592
724
612
874
413
843
815
236
990
537
706
13
665
655
490
291
657
814
957
705
276
968
708
267
34
253
693
386
432
295
604
627
676
231
817
153
71
197
202
509
572
836
235
729
385
190
432
435
366
708
367
397
35
574
930
739
291
986
875
215
762
960
809
843
159
148
42
152
895
675
671
401
124
461
874
472
421
429
472
392
459
771
734
206
984
801
517
389
862
238
915
984
532
822
621
901
809
113
348
842
821
529
89
440
802
756
93
866
828
96
317
253
544
424
458
562
893
840
169
838
441
428
344
196
229
357
859
935
884
31
851
436
584
573
599
303
752
987
680
778
415
490
373
200
251
49
173
421
550
314
383
116
376
430
248
274
582
858
353
564
510
713
4
711
337
185
385
455
743
591
741
290
851
739
740
304
132
770
835
759
984
835
606
699
96
814
818
32
111
895
924
341
400
379
171
528
360
820
591
724
356
338
637
811
709
208
781
165
657
737
946
410
789
834
107
283
755
920
576
9
570
514
481
324
594
901
528
705
156
701
66
424
380
825
424
832
419
296
127
881
815
176
371
356
97
267
656
921
208
241
168
213
829
747
339
398
251
313
255
271
146
245
334
498
857
482
400
78
398
63
587
594
439
219
550
631
148
743
605
651
81
520
761
741
68
278
235
470
448
56
861
571
410
196
651
458
211
388
407
640
213
616
252
242
147
314
256
296
531
577
61
677
605
654
863
914
234
873
826
136
436
678
271
569
729
326
841
425
642
895
979
724
439
527
150
7
52
59
989
377
650
427
419
364
991
773
459
949
544
629
338
282
273
908
889
65
118
285
320
652
373
543
261
695
956
750
669
197
406
835
474
374
385
85
767
782
253
941
234
950
145
13
134
897
373
597
876
83
866
580
437
482
401
615
493
721
243
526
564
768
366
568
775
255
997
957
720
213
931
838
776
638
356
912
939
305
20
78
66
572
453
919
824
367
709
637
549
248
603
379
607
826
562
426
945
292
674
739
544
236
126
17
111
232
393
541
705
800
532
783
327
578
734
744
80
118
59
56
676
660
202
349
421
717
223
236
302
314
349
124
537
618
183
945
108
935
854
87
918
554
545
77
751
615
993
581
788
655
223
267
321
379
865
758
880
53
852
324
535
364
211
193
61
205
920
965
835
627
897
47
800
804
766
299
685
23
202
189
813
546
476
781
805
26
278
364
169
808
841
380
191
895
940
311
77
318
613
650
45
470
849
623
23
810
835
83
125
174
698
280
436
603
782
626
629
40
601
532
969
558
8
915
909
738
805
188
116
366
346
447
51
425
817
911
335
17
2
20
984
446
948
765
527
365
434
501
416
180
657
568
716
725
611
584
600
202
354
579
711
430
680
284
544
247
372
458
161
438
138
452
460
401
191
475
72
906
959
225
195
411
993
846
263
158
144
87
283
888
718
2
337
341
651
225
472
63
731
744
697
336
360
710
624
778
422
453
28
788
213
622
296
733
481
58
60
2
36
151
174
867
885
99
396
744
425
805
92
873
480
263
456
636
902
414
314
251
562
865
560
915
372
15
377
178
503
427
567
630
353
704
713
911
655
519
677
983
142
841
807
888
84
432
656
234
239
101
264
575
655
616
888
929
639
438
468
51
423
371
793
642
499
930
223
588
439
495
262
276
656
807
876
351
312
336
687
751
322
440
373
689
854
824
302
842
751
205
852
91
806
947
999
291
347
481
518
767
519
561
485
42
518
121
392
502
838
828
260
359
494
701
568
577
65
134
151
67
90
688
706
609
564
932
653
262
389
9
764
754
650
51
616
100
688
720
262
425
388
257
197
101
412
382
209
470
447
390
441
402
678
835
471
390
551
691
879
331
154
389
811
408
868
349
236
320
835
161
948
835
692
434
524
572
50
554
338
346
