73620
25772
35626
55407
46240
63397
52435
46185
53892
59736
41334
26077
52822
61806
52928
68097
50237
42090
35972
55795
42525
42889
35654
72064
62716
56731
32288
43715
69048
60416
26662
41624
63041
60304
53808
50653
38703
70495
70180
57426
62193
65400
32274
52374
69372
57086
74292
29483
45652
41626
53065
63715
69959
59480
74749
28473
30507
32790
37614
30804
51989
38582
40070
68514
49834
25370
34429
74168
39960
31327
33801
36316
40945
54180
55828
27735
47187
44249
50514
55796
55793
46011
45831
57339
29648
27891
50433
73152
73881
31050
45692
57837
70873
53387
34045
44506
30148
44897
37488
69533
