222
222
222
222
222
222
222
222
222
222
22
22
32
22
222
222
32
222
32
222
32
222
222
22
222
32
222
222
222
222
222
22
222
2222
222
222
222
222
222
222
222
222
23
222
32
222
222
22
222
222
222
22
222
222
32
22
222
22
222
23
222
222
3
222
32
23
222
32
222
32
22
222
23
222
222
222
22
222
222
222
32
222
222
222
22
222
222
32
222
23
222
23
222
222
222
22
3
222
22
32
222
222
222
222
222
22
222
22
222
222
22
22
222
222
32
22
22
22
222
22
222
222
222
222
22
222
222
222
222
222
222
222
23
222
222
222
222
3
22
222
222
222
222
222
222
222
222
222
222
22
22
222
222
222
22
32
22
222
23
22
23
22
222
2
22
222
222
23
222
222
222
222
222
222
222
222
222
222
222
23
22
22
32
32
222
22
222
222
222
22
222
222
222
22
22
22
222
222
2
222
22
222
22
32
222
32
23
22
222
22
32
222
23
222
22
222
22
222
222
222
23
222
22
22
222
222
222
23
222
22
222
222
22
222
222
222
222
222
222
222
222
222
22
222
222
222
23
222
22
22
