2
2
2
2
2
2
2
2
2
2
22
22
32
22
2
2
32
2
32
2
32
2
2
22
2
32
2
2
2
2
2
22
2
2
2
2
2
2
2
2
2
2
23
2
32
2
2
22
2
2
2
22
2
2
32
22
2
22
2
23
2
2
3
2
32
23
2
32
2
32
22
2
23
2
2
2
22
2
2
2
32
2
2
2
22
2
2
32
2
23
2
23
2
2
2
22
3
2
22
32
2
2
2
2
2
22
2
22
2
2
22
22
2
2
32
22
22
22
2
22
2
2
2
2
22
2
2
2
2
2
2
2
23
2
2
2
2
3
22
2
2
2
2
2
2
2
2
2
2
22
22
2
2
2
22
32
22
2
23
22
23
22
2
2
22
2
2
23
2
2
2
2
2
2
2
2
2
2
2
23
22
22
32
32
2
22
2
2
2
22
2
2
2
22
22
22
2
2
2
2
22
2
22
32
2
32
23
22
2
22
32
2
23
2
22
2
22
2
2
2
23
2
22
22
2
2
2
23
2
22
2
2
22
2
2
2
2
2
2
2
2
2
22
2
2
2
23
2
22
22
