29
11
27
6
15
26
8
17
20
23
11
19
25
1
25
23
29
17
26
16
7
8
2
18
30
6
10
29
1
22
10
20
12
2
27
6
18
14
30
17
28
15
14
29
24
6
1
14
24
17
4
23
6
23
17
23
2
22
10
28
22
14
12
8
3
4
25
16
4
9
20
28
4
23
22
15
7
3
12
9
17
25
7
26
29
19
23
26
18
25
29
16
29
18
14
19
19
9
18
24
9
15
30
18
9
8
11
28
24
11
6
28
28
13
9
29
10
19
26
23
25
17
17
28
14
11
22
13
23
25
18
21
28
13
19
16
10
7
5
1
8
23
22
6
26
10
20
5
17
30
8
7
3
24
14
22
18
23
21
7
9
10
2
23
8
29
13
21
7
13
19
9
21
9
20
23
19
12
20
21
24
29
29
6
2
6
7
6
13
25
11
26
30
27
15
6
11
23
13
30
29
25
7
19
29
25
1
22
14
19
13
14
4
7
3
6
15
17
20
26
26
2
4
13
27
5
12
28
12
1
15
14
28
20
26
18
7
20
27
11
10
29
21
3
26
14
20
18
4
8
24
1
1
16
29
13
14
15
12
17
4
15
29
2
4
29
18
7
20
19
20
2
19
28
29
7
10
26
26
5
2
3
30
30
4
6
30
24
19
18
26
19
16
23
25
8
24
24
19
8
22
29
3
15
3
15
13
2
9
30
28
10
11
10
24
25
13
25
12
20
12
26
14
23
26
27
26
17
26
23
5
24
5
21
25
26
7
13
5
14
8
13
17
29
12
27
26
5
22
8
24
7
6
4
16
4
19
15
10
16
21
5
1
16
13
3
20
12
10
25
11
7
27
16
21
16
29
5
27
13
29
8
3
13
5
10
9
23
22
27
23
26
29
16
2
10
20
10
16
21
27
9
19
25
10
10
5
30
9
14
8
28
4
16
17
15
24
17
27
8
29
24
1
6
13
25
24
12
11
8
26
28
18
7
14
11
4
19
8
4
6
10
1
19
20
15
9
20
26
2
10
12
18
4
26
16
3
2
14
26
10
17
27
9
19
23
15
2
21
22
19
9
16
22
13
25
28
10
10
10
14
11
30
22
2
11
9
19
11
11
6
26
12
27
15
11
22
21
13
27
1
24
23
3
2
23
26
4
5
13
25
20
9
17
12
18
29
30
24
4
4
19
6
1
22
11
16
8
13
10
8
21
26
23
28
1
29
5
5
20
15
12
29
18
14
26
13
30
3
12
8
14
12
22
16
17
13
2
3
29
4
6
11
19
12
22
26
6
1
25
17
16
21
15
26
8
2
2
19
18
27
2
18
15
18
1
21
20
28
1
7
30
9
15
30
29
9
2
14
6
30
20
28
14
17
12
8
23
11
5
4
30
18
3
13
30
7
17
24
16
27
2
9
3
13
20
13
30
7
27
23
21
24
18
18
22
14
15
10
16
30
10
17
22
7
26
2
28
18
22
14
20
17
29
2
29
13
16
23
28
21
13
19
17
7
2
18
4
8
18
2
23
22
23
23
25
5
11
25
16
20
12
16
1
22
2
11
15
10
21
30
6
13
14
18
12
29
10
5
14
9
7
28
18
26
21
12
4
7
17
12
1
27
17
12
5
8
16
14
26
24
14
7
2
4
26
23
25
5
20
5
30
7
28
29
21
20
25
2
23
23
2
27
11
12
16
30
5
5
12
1
27
21
27
24
24
20
8
21
2
4
3
12
6
12
22
8
25
7
10
23
28
2
10
24
14
4
16
20
28
6
9
23
17
22
18
20
24
20
20
7
5
16
4
27
26
8
6
28
13
9
18
22
14
25
1
8
18
30
27
15
2
2
22
20
22
26
11
21
18
18
7
15
27
27
28
7
6
13
22
7
2
19
19
14
21
30
21
23
4
15
21
20
1
2
12
28
26
29
28
4
16
6
2
24
26
17
18
19
8
22
19
13
22
13
29
6
14
8
25
3
14
30
3
3
28
16
20
17
6
10
8
7
18
10
2
16
15
26
28
9
24
26
5
22
7
1
8
19
28
17
5
9
15
16
21
9
22
10
12
15
22
29
1
24
23
12
26
8
8
22
2
11
26
27
18
22
7
23
14
5
29
27
12
8
29
12
2
14
28
18
19
15
18
14
26
27
12
30
28
18
22
22
25
5
4
19
3
14
11
12
26
3
1
2
3
12
12
4
5
17
19
11
30
22
17
5
7
21
15
5
12
9
27
14
27
2
4
24
19
11
8
3
10
20
23
27
3
14
10
