110011111100
110011111011
110011110110
110011101010
110011101000
110011100100
110011100010
110011011101
110011010101
110011010000
110011001100
110011000111
110011000110
110011000010
110010111101
110010111010
110010110110
110010110011
110010110000
110010101101
110010101010
110010101000
110010100000
110010011101
110010011011
110010010100
110010001010
110010000101

110001111111
110001111110
110001111010
110001111001
110001101111
110001101110
110001101001
110001011111
110001011101
110001010100
110001001111
110001001110
110001000000
110000111110
110000111001
110000110001
110000101101
110000101011
110000101001
110000100110
110000011011
110000010111
110000010001
110000001111
110000001110
110000001100
110000001010
110000000101
110000000100
110000000011
