111111111011
111111110110
111111110010
111111101110
111111101000
111111100110
111111100011
111111011100
111111010110
111111010000
111111001011
111111000101
111111000000
111110111110
111110111101
111110111011
111110110100
111110101000
111110100111
111110100100
111110100000
111110011110
111110011101
111110011100
111110011001
111110010110
111110010000
111110001110
111110001100
111110000010
111101111110
111101110110
111101110100
111101101111
111101101000
111101100111
111101100011
111101100000
111101011111
111101011010
111101010110
111101010101
111101001001
111101000110
111100111110
111100110010
111100110001
111100110000
111100101111
111100101011
111100100111
111100100110
111100100010
111100011011
111100010111
111100010100
111100010001
111100001001
111011111100
111011111010
111011110011
111011110010
111011101011
111011101001
111011101000
111011100011
111011011001
111011011000
111011010111
111011010110
111011010100
111011010010
111011010000
111011001110
111011001011
111011001000
111011000100
111011000011
111010111101
111010110111
111010110101
111010110010
111010011111
111010011001
111010010111
111010010101
111010010011
111010001111
111010001100
111010000101
111010000011
111010000000
111001111101
111001111100
111001111000
111001110101
111001110100
111001110001
111001100000
111001011111
111001011100
111001011000
111001010100
111001010010
111001010001
111001010000
111001000110
111000111110
111000110110
111000110101
111000110011
111000101110
111000101000
111000100011
111000011111
111000011000
111000010111
111000010110
111000010011
111000001110
111000001011
111000001010
111000001000
110111111101
110111111000
110111110111
110111110110
110111110100
110111110010
110111110000
110111100111
110111100110
110111100010
110111011111
110111010100
110111001110
110111001101
110111001100
110111001010
110111000011
110111000000
110110111100
110110111010
110110111000
110110110111
110110101001
110110100111
110110100010
110110011110
110110011101
110110011010
110110010001
110110001011
110110001010
110110001000
110110000101
110110000001
110101111110
110101110110
110101101110
110101100110
110101011100
110101011001
110101010101
110101010100
110101001010
110101000111
110101000100
110101000010
110101000001
110100110111
110100110100
110100110010
110100110001
110100101111
110100101101
110100101011
110100101000
110100100110
110100011011
110100011010
110100010111
110100010101
110100001110
110100001001
110100000111
110100000011
110100000000
110011111100
110011111011
110011110110
110011101010
110011101000
110011100100
110011100010
110011011101
110011010101
110011010000
110011001100
110011000111
110011000110
110011000010
110010111101
110010111010
110010110110
110010110011
110010110000
110010101101
110010101010
110010101000
110010100000
110010011101
110010011011
110010010100
110010001010
110010000101
110001111111
110001111110
110001111010
110001111001
110001101111
110001101110
110001101001
110001011111
110001011101
110001010100
110001001111
110001001110
110001000000
110000111110
110000111001
110000110001
110000101101
110000101011
110000101001
110000100110
110000011011
110000010111
110000010001
110000001111
110000001110
110000001100
110000001010
110000000101
110000000100
110000000011
