111111111011
111111110110
111111110010
111111101110
111111101000
111111100110
111111100011
111111011100
111111010110
111111010000
111111001011
111111000101
111111000000
111110111110
111110111101
111110111011
111110110100
111110101000
111110100111
111110100100
111110100000
111110011110
111110011101
111110011100
111110011001
111110010110
111110010000
111110001110
111110001100
111110000010
111101111110
111101110110
111101110100
111101101111
111101101000
111101100111
111101100011
111101100000
111101011111
111101011010
111101010110
111101010101
111101001001
111101000110
111100111110
111100110010
111100110001
111100110000
111100101111
111100101011
111100100111
111100100110
111100100010
111100011011
111100010111
111100010100
111100010001
111100001001
111011111100
111011111010
111011110011
111011110010
111011101011
111011101001
111011101000
111011100011
111011011001
111011011000
111011010111
111011010110
111011010100
111011010010
111011010000
111011001110
111011001011
111011001000
111011000100
111011000011
111010111101
111010110111
111010110101
111010110010
111010011111
111010011001
111010010111
111010010101
111010010011
111010001111
111010001100
111010000101
111010000011
111010000000
111001111101
111001111100
111001111000
111001110101
111001110100
111001110001
111001100000
111001011111
111001011100
111001011000
111001010100
111001010010
111001010001
111001010000
111001000110
111000111110
111000110110
111000110101
111000110011
111000101110
111000101000
111000100011
111000011111
111000011000
111000010111
111000010110
111000010011
111000001110
111000001011
111000001010
111000001000
