49102
17201
23772
36960
30848
42285
34979
30811
35950
39846
27577
17405
35234
41227
35306
45421
33513
28081
24002
37217
28372
28613
23791
48065
41831
37843
21545
29163
46053
40299
17794
27770
42048
40224
35893
33789
25823
47018
46808
38306
41484
43622
21537
34937
46269
38078
49551
19677
30455
27772
35397
42498
46660
39674
49855
19002
20358
21879
25097
20556
34681
25743
26733
45698
33244
16933
22974
49468
26660
20905
22555
24231
27317
36142
37240
18510
31480
29520
33696
37218
37216
30695
30576
38248
19785
18614
33642
48790
49276
20720
30482
38581
47271
35612
22717
29692
20119
29952
25013
46377
