49100
17199
23770
36958
30846
42283
34977
30809
35948
39844
27575
17403
35232
41225
35304
45419
33511
28079
24000
37215
28370
28611
23789
48063
41829
37841
21543
29161
46051
40297
17792
27768
42046
40222
35891
33787
25821
47016
46806
38304
41482
43620
21535
34935
46267
38076
49549
19675
30453
27770
35395
42496
46658
39672
49853
19000
20356
21877
25095
20554
34679
25741
26731
45696
33242
16931
22972
49466
26658
20903
22553
24229
27315
36140
37238
18508
31478
29518
33694
37216
37214
30693
30574
38246
19783
18612
33640
48788
49274
20718
30480
38579
47269
35610
22715
29690
20117
29950
25011
46375
