000111111010
000111110100
000111110010
000111101001
000111100011
000111100000
000111011111
000111011011
000111011001
000111010110
000111010011
000111001111
000111001110
000111001000
000111000110
000111000101
000111000010
000110111100
000110111011
000110111000
000110110111
000110110011
000110101100
000110101011
000110100111
000110100100
000110100011
000110011111
000110011100
000110011010
000110010111
000110010110
000110010101
000110010011
000110000100
000110000011
000110000001

000101111111
000101111101
000101111100
000101110110
000101110101
000101110100
000101110010
000101101100
000101101011
000101101001
000101101000
000101100111
000101100011
000101100001
000101011101
000101011100
000101011000
000101001101
000101001001
000101000101
000101000100
000100111111
000100111010
000100111001
000100111000
000100110110
000100110010
000100101111
000100101101
000100101011
000100101000
000100100010
000100011110
000100011010
000100011000
000100010111
000100010110
000100010001
000100001110
000100001001
000100000111
000100000110
000100000010
000100000000
