600
629
651
665
676
677
684
691
680
678
678
698
718
744
763
768
771
776
771
763
745
737
725
730
741
762
776
764
730
702
696
705
708
737
768
777
762
732
744
750
770
771
769
774
778
796
786
777
755
758
762
780
803
826
841
850
867
877
872
857
851
850
841
827
814
807
807
827
853
897
957
1004
1025
1018
1022
1028
1045
1057
1072
1073
1081
1089
1095
1099
1117
1137
1162
1165
1168
1144
1133
1138
1164
1188
1196
1203
1204
1207
1187
1167
1148
1152
1182
1211
1244
1272
1296
1309
1307
1310
1312
1313
1311
1325
1339
1353
1361
1364
1369
1379
1395
1392
1388
1380
1392
1410
1430
1449
1454
1485
1521
1557
1563
1585
1614
1646
1646
1636
1626
1632
1646
1661
1667
1678
1681
1686
1690
1702
1717
1723
1729
1750
1764
1777
1767
1762
1758
1793
1832
1869
1874
1874
1874
1870
1871
1864
1863
1867
1879
1890
1901
1915
1917
1932
1944
1967
1977
2002
2043
2080
2100
2103
2108
2113
2102
2093
2083
2089
2074
2065
2060
2087
2112
2132
2137
2139
2133
2126
2141
2165
2187
2191
2198
2211
2235
2253
2268
2271
2278
2282
2292
2302
2305
2299
2303
2322
2346
2360
2370
2387
2402
2419
2427
2433
2441
2448
2460
2461
2467
2463
2466
2465
2472
2454
2444
2436
2446
2427
2410
2390
2400
2405
2414
2432
2441
2452
2450
2454
2461
2462
2463
2455
2459
2463
2469
2459
2450
2447
2444
2452
2458
2477
2483
2491
2496
2514
2494
2463
2425
2427
2434
2440
2453
2464
2474
2510
2544
2596
2592
2590
2565
2565
2565
2573
2580
2587
2596
2606
2616
2626
2636
2648
2640
2625
2611
2606
2600
2593
2588
2584
2581
2582
2591
2597
2610
2611
2616
2612
2600
2576
2554
2550
2556
2557
2553
2539
2531
2522
2529
2540
2548
2564
2578
2604
2613
2615
2601
2592
2603
2646
2698
2736
2747
2747
2741
2740
2739
2736
2736
2736
2751
2780
2807
2805
2782
2759
2756
2758
2762
2766
2766
2746
2732
2725
2738
2743
2742
2728
2703
2681
2700
2737
2773
2785
2781
2775
2763
2769
2785
2790
2786
2771
2780
2789
2784
2772
2765
2766
2761
2778
2807
2847
2859
2866
2862
2845
2797
2755
2764
2806
2844
2847
2833
2803
2773
2760
2764
2790
2808
2825
2826
2833
2854
2869
2893
2914
2935
2953
2970
2983
3011
3019
3021
3013
3013
3015
3015
3020
3052
3067
3096
3110
3134
3130
3123
3120
3135
3151
3161
3167
3167
3166
3149
3137
3135
3137
3139
3132
3124
3130
3135
3154
3156
3162
3172
3182
3215
3243
3267
3269
3264
3280
3289
3298
3292
3289
3294
3284
3282
3277
3260
3237
3216
3218
3220
3219
3226
3220
3204
3181
3166
3161
3162
3169
3185
3198
3213
3234
3255
3269
3244
3219
3192
3189
3214
3250
3288
3296
3309
3348
3386
3414
3391
3364
3338
3340
3341
3360
3374
3393
3393
3403
3413
3432
3436
3468
3492
3529
3544
3567
3576
3587
3602
3621
3635
3637
3639
3638
3650
3655
3659
3618
3605
3597
3611
3622
3620
3632
3615
3610
3600
3607
3651
3678
3708
3710
3731
3743
3740
3731
3720
3712
3714
3721
3720
3706
3706
3708
3717
3709
3710
3709
3712
3715
3718
3715
3720
3722
3732
3754
3785
3819
3834
3848
3856
3860
3888
3915
3941
3953
3954
3957
3952
3960
3934
3895
3838
3820
3805
3802
3818
3843
3874
3886
3910
3934
3940
3926
3919
3917
3932
3944
3964
3993
4014
4055
4053
4077
4085
4115
4121
4125
4124
4136
4148
4168
4173
4178
4152
4139
4127
4135
4135
4119
4113
4106
4115
4123
4116
4106
4100
4105
4110
4102
4086
4052
4023
4010
4020
4037
4051
4065
4062
4056
4041
4055
4067
4090
4098
4097
4096
4110
4135
4153
4149
4142
4139
4137
4136
4123
4108
4109
4117
4125
4108
4102
4106
4131
4148
4149
4140
4128
4128
4126
4127
4128
4135
4142
4150
4172
4212
4249
4264
4266
4272
4280
4286
4290
4294
4314
4332
4360
4370
4387
4394
4395
4383
4355
4336
4323
4332
4332
4340
4362
4402
4431
4439
4420
4386
4356
4344
4358
4369
4374
4378
4382
4390
4391
4397
4404
4414
4421
4428
4431
4467
4500
4538
4540
4562
4584
4605
4606
4599
4597
4583
4573
4565
4564
4566
4577
4557
4534
4493
4488
4489
4509
4524
4533
4530
4519
4504
4510
4526
4540
4532
4525
4520
4509
4494
4483
4479
4510
4541
4569
4568
4562
4555
4556
4581
4610
4643
4655
4667
4664
4667
4636
4602
4563
4560
4572
4585
4585
4585
4588
4604
4605
4624
4644
4654
4649
4645
4657
4665
4658
4657
4677
4710
4737
4726
4713
4698
4740
4784
4828
4833
4840
4845
4846
4843
4848
4851
4860
4857
4866
4890
4926
4961
4972
4977
5006
5037
5063
5100
5131
5162
5154
5128
5103
5070
5088
5115
5143
5131
5124
5119
5125
5121
5122
5133
5143
5155
5150
5141
5128
5126
5135
5145
5146
5144
5139
5129
5153
5185
5221
5247
5258
5279
5270
5253
5230
5222
5266
5307
5323
5302
5291
5295
5278
5261
5242
5247
5236
5254
5263
5285
5280
5283
5282
5273
5253
5238
5231
5229
5223
5217
5219
5235
5233
5215
5186
5187
5232
5282
5324
5331
5333
5332
5337
5336
5332
5324
5320
5319
5321
5327
5311
5290
5263
5241
5228
5220
5226
5221
5241
5264
5302
5315
5327
5326
5324
5338
5350
5362
5358
5362
5366
5374
5392
5418
5447
5460
5467
5468
5472
5472
5469
5475
5494
5526
5549
5559
5562
5562
5558
5542
5520
5490
5472
5483
5509
5531
5538
5548
5569
5581
5596
5603
5621
5639
5656
5658
5667
5674
5696
5704
5715
5717
5726
5741
5756
5765
5763
5755
5737
5723
5719
5726
5739
5747
5753
5759
5770
5777
5777
5784
5797
5812
5801
5766
5725
5700
5721
5743
5789
5827
5872
5902
5918
5926
5929
5924
5957
5986
6019
6017
6027
6037
6031
6016
6012
6025
6038
6040
6043
6052
6081
6118
6128
6128
6116
6118
6117
6121
6124
6116
6109
6111
6120
6099
6081
6064
6073
6079
6081
6084
6067
6048
6032
6011
5999
5983
5987
5982
5984
5979
5976
5951
5958
5977
6008
6018
5986
5948
5906
5889
5870
5856
5850
5853
5859
5895
5931
5961
5960
5958
5940
5962
5981
6018
6015
6028
6039
6079
6107
6138
6144
6152
6174
6175
6172
6182
6222
6269
6274
6264
6257
6237
6211
6176
6180
6197
6204
6205
6201
6210
6218
6219
6231
6267
6315
6354
6364
6356
6337
6312
6303
6309
6314
6303
6292
6288
6295
6298
6301
6311
6330
6345
6358
6371
6389
6407
6410
6403
6389
6379
6370
6382
6409
6449
6468
6470
6465
6462
6456
6464
6469
6508
6536
6567
6562
6561
6567
6576
6576
6573
6582
6581
6582
6583
6621
6656
6681
6684
6660
6636
6603
6607
6622
6618
6604
6583
6584
6581
6568
6560
6553
6547
6531
6517
6502
6504
6508
6518
6534
6548
6579
6599
6617
6620
6621
6624
6627
6626
6637
6667
6702
6736
6752
6759
6756
6760
6817
6850
6866
6837
6834
6858
6875
6881
6880
6886
6894
6892
6896
6906
6915
6921
6920
6901
6881
6884
6929
6972
6993
6987
6973
6975
6976
6988
6987
6969
6948
6931
6938
6943
6935
6914
6891
6882
6880
6880
6878
6885
6895
6921
6937
6955
6957
6967
6977
6985
6998
7010
7021
7021
7034
7066
7106
7133
7142
7135
7116
7100
7108
7124
7142
7139
7123
7102
7085
7092
7098
7111
7097
7091
7086
7105
7124
7166
7242
7314
7361
7366
7361
7353
7351
7347
7353
7350
7352
7349
7360
7373
7384
7390
7401
7409
7415
7409
7398
7410
7430
7453
7453
7461
7471
7482
7488
7492
7489
7479
7480
7491
7509
7521
7537
7530
7521
7511
7519
7534
7541
7559
7569
7570
7569
7579
7602
7616
7615
7620
7640
7658
7663
7663
7669
7682
7695
7701
7708
7728
7747
7761
7775
7813
7850
7870
7885
7898
7910
7928
7951
7972
7974
7985
7998
8013
8006
8001
7968
7943
7913
7924
7935
7950
7954
7955
7947
7938
7925
7920
7917
7921
7930
7928
7906
7894
7887
7903
7905
7911
7916
7905
7895
7892
7904
7912
7914
7913
7912
7918
7900
7855
7784
7742
7729
7740
7757
7769
7773
7787
7791
7778
7748
7739
7758
7776
7796
7814
7832
7849
7844
7840
7825
7810
7795
7791
7798
7797
7790
7782
7762
7748
7742
7742
7748
7749
7764
7766
7761
7759
7770
7784
7780
7767
7786
7819
7845
7845
7841
7838
7830
7856
7877
7901
7892
7896
7882
7867
7848
7849
7851
7856
7883
7913
7936
7947
7953
7961
7959
7962
7953
7944
7926
7918
7912
7918
7927
7936
7943
7953
7961
7965
7961
7942
7931
7920
7922
7922
7927
7951
7953
7954
7917
7878
7843
7815
7814
7809
7816
7818
7825
7836
7865
7884
7899
7895
7894
7895
7894
7890
7897
7907
7917
7914
7905
7899
7893
7918
7946
7974
7963
7967
7987
8015
8027
8027
8027
8027
8025
8035
8033
8025
7983
7953
7936
7927
7902
7868
7851
7824
7777
7735
7724
7746
7752
7751
7740
7739
7762
7784
7807
7808
7810
7825
7838
7851
7857
7861
7867
7879
7892
7927
7953
7986
7995
7998
7997
7995
7975
7959
7944
7942
7928
7904
7888
7880
7860
7857
7846
7850
7846
7853
7879
7904
7916
7913
7901
7894
7901
7913
7919
7923
7925
7938
7943
7945
7938
7930
7911
7903
7896
7904
7914
7914
7911
7901
7930
7954
8000
8009
8048
8052
8078
8104
8144
8171
8175
8181
8182
8183
8185
8185
8176
8184
8193
8208
8177
8147
8118
8083
8050
8003
7987
7969
7981
7996
8016
8010
8005
8016
8040
8061
8048
8028
8010
7999
7992
7985
7982
7981
7993
8017
8041
8059
8073
8077
8075
8070
8059
8050
8036
8038
8046
8084
8109
8138
8148
8169
8182
8205
8233
8257
8258
8254
8254
8281
8327
8370
8402
8417
8428
8430
8418
8409
8396
8395
8385
8401
8416
8443
8432
8424
8405
8411
8417
8426
8435
8444
8442
8430
8426
8434
8431
8403
8378
8364
8379
8394
8409
8421
8440
8450
8453
8438
8429
8432
8460
8493
8516
8532
8543
8556
8559
8563
8562
8570
8582
8591
8598
8605
8617
8625
8635
8631
8628
8631
8660
8692
8719
8736
8749
8757
8760
8763
8774
8782
8818
8848
8882
8872
8858
8852
8857
8853
8855
8857
8875
8886
8908
8925
8913
8887
8861
8841
8830
8828
8829
8835
8838
8850
8848
8844
8872
8916
8956
8959
8952
8941
8923
8909
8905
8913
8924
8936
8945
8950
8948
8964
8982
9022
9043
9071
9086
9108
9120
9123
9116
9113
9089
9073
9067
9089
9116
9130
9129
9122
9114
9117
9127
9155
9193
9233
9255
9281
9304
9327
9331
9330
9338
9352
9371
9378
9367
9360
9356
9362
9369
9373
9381
9383
9388
9393
9394
9393
9395
9389
9387
9382
9390
9398
9415
9405
9397
9378
9395
9408
9429
9436
9447
9458
9456
9450
9415
9417
9419
9464
9501
9530
9539
9519
9498
9457
9429
9410
9411
9412
9418
9422
9429
9428
9430
9428
9427
9425
9429
9426
9412
9388
9385
9384
9384
9370
9367
9375
9385
9390
9391
9395
9392
9389
9374
9377
9380
9395
9402
9409
9414
9401
9387
9370
9374
9346
9320
9298
9303
9306
9302
9288
9276
9264
9268
9264
9262
9298
9344
9376
9370
9366
9388
9382
9367
9330
9318
9335
9356
9379
9375
9375
9390
9421
9450
9468
9478
9524
9549
9566
9543
9561
9583
9609
9606
9598
9584
9567
9557
9556
9560
9566
9577
9592
9614
9630
9659
9672
9692
9701
9712
9705
9706
9705
9695
9677
9645
9631
9592
9561
9538
9547
9562
9568
9572
9581
9600
9615
9648
9674
9698
9699
9703
9705
9700
9699
9702
9716
9731
9737
9743
9747
9769
9791
9815
9826
9835
9845
9839
9836
9825
9822
9824
9822
9842
9857
9878
9889
9899
9890
9875
9860
9867
9877
9855
9831
9807
9819
9820
9814
9810
9816
9823
9821
9818
9820
9822
9820
9824
9832
9848
