66 39 -- -- 85
78 -- 73 80 35
07 62 25 19 52
-- 81 -- 01 26
92 77 -- 71 68

47 66 71 17 69
-- 03 41 -- 12
84 -- -- 62 26
53 92 01 73 --
16 94 -- 33 55

89 -- -- 33 24
94 77 58 75 --
65 -- 00 -- 32
57 19 29 64 93
-- 83 91 -- --

35 58 74 04 89
-- 08 53 -- 01
07 56 98 11 44
-- -- -- -- 51
43 -- 84 14 --

44 33 -- 58 91
51 -- 00 78 --
57 24 -- 17 32
75 96 47 74 --
19 01 -- 14 10

-- 68 92 16 42
91 -- 52 77 --
-- 31 -- 62 53
-- 69 -- 55 04
-- 96 36 41 15

68 36 55 23 --
98 43 62 -- 07
73 -- 08 -- 16
81 48 12 -- --
41 95 -- 85 79

66 71 10 -- --
98 84 62 43 94
23 79 -- 29 05
69 14 44 -- 64
89 53 28 75 03

-- 02 25 -- 55
-- 94 95 -- 18
41 16 15 -- 93
10 85 -- 20 53
91 75 36 29 69

84 48 10 94 42
-- -- 44 31 29
16 -- 65 41 71
80 53 58 35 69
64 25 -- 89 --

-- 65 -- 26 56
44 47 -- 39 31
74 -- 91 94 41
33 52 04 68 --
03 -- -- 93 32

17 58 -- -- 15
-- 93 69 94 41
85 -- 02 53 --
74 92 -- 66 51
19 31 11 -- --

07 51 42 -- 68
-- 03 39 48 05
-- -- 98 -- 01
14 17 84 56 24
15 02 65 74 --

55 08 92 31 33
-- 14 62 74 65
94 93 -- 73 07
-- 64 51 24 75
28 52 -- -- 32

-- -- -- -- --
93 07 -- 73 20
48 05 52 -- 41
17 00 01 25 77
33 69 -- 16 62

-- -- 14 84 69
00 04 08 -- 78
33 29 -- 12 55
23 18 48 91 47
75 94 53 83 26

-- 22 -- 18 57
65 53 79 92 33
70 86 20 -- --
51 46 24 00 12
01 89 64 68 83

22 41 07 -- 42
47 -- 52 -- 00
21 -- -- 92 26
-- 95 71 73 94
57 79 14 48 05

-- 19 93 01 78
98 44 81 -- --
47 48 07 84 62
85 -- 16 11 77
52 -- -- 24 --

-- 48 89 91 96
02 47 78 39 64
-- 12 -- -- 32
03 58 75 69 --
56 -- 20 28 --

62 42 17 -- --
25 -- 35 74 66
53 24 07 -- 18
56 64 79 78 --
-- 95 68 03 --

-- 39 -- -- 96
-- 57 03 18 36
80 71 28 95 --
89 25 94 42 83
-- 79 -- 33 66

20 14 05 -- 18
-- -- 33 65 26
-- 07 91 -- 35
86 23 00 95 47
21 56 01 -- 69

86 02 -- 48 --
65 73 71 62 --
41 68 79 01 20
-- -- 70 -- 15
-- 03 95 77 55

98 39 14 73 74
16 11 83 81 96
93 56 -- -- 51
-- -- 58 -- 43
24 03 -- 92 77

04 -- 96 -- 23
12 -- 98 24 --
43 -- 10 80 84
46 -- 65 77 64
53 56 -- 73 --

05 41 02 -- 56
19 15 66 55 81
85 44 80 89 23
01 57 94 79 --
58 22 71 00 24

00 81 -- 19 --
29 02 -- 23 17
94 20 -- 42 12
04 95 -- 26 --
68 43 96 85 --

64 80 -- 73 --
26 24 15 55 --
-- 31 -- 86 52
32 -- 98 -- 29
68 -- -- 10 --

-- -- 11 83 --
-- 56 -- -- 70
36 75 41 -- 94
-- -- 04 93 --
10 29 43 74 98

44 53 81 43 51
-- 69 -- 96 07
39 68 01 91 08
05 -- -- 11 86
23 83 20 32 25

62 52 02 96 --
36 -- 83 55 32
39 -- 44 79 19
20 74 43 42 00
05 95 66 -- --

84 57 03 86 52
08 83 29 47 51
65 04 74 53 --
35 -- -- 26 32
78 36 -- 10 --

69 -- 01 17 05
32 -- -- 52 --
77 -- 02 00 24
-- 94 11 73 21
44 23 36 31 53

42 74 -- 92 25
24 19 66 94 91
18 -- 04 78 11
44 62 77 39 22
05 -- 47 -- 23

11 07 65 -- --
-- 73 16 -- 57
83 85 71 -- 80
93 84 12 19 --
08 03 44 -- --

-- 31 68 70 35
55 -- 93 32 83
01 -- -- 05 66
62 -- 57 95 36
39 43 -- 92 91

-- -- 17 79 33
89 28 -- 65 86
-- 62 96 -- 31
36 78 -- 81 11
21 73 91 14 25

03 04 -- 36 39
93 -- 22 52 05
-- 19 33 -- --
-- -- 69 -- --
47 -- 64 53 --

28 -- 41 22 26
-- 04 32 11 15
-- 65 -- 12 78
-- 43 89 -- --
75 93 18 00 --

08 -- 18 66 15
-- 43 68 22 --
74 -- 92 29 64
70 84 04 71 52
-- 25 31 91 01

03 -- 36 12 41
93 48 -- -- 17
25 52 47 64 21
71 04 74 14 32
43 94 -- 80 --

-- -- 65 29 35
62 43 25 18 66
68 -- 52 -- 19
24 03 28 89 53
00 79 20 48 --

57 55 68 -- --
98 74 -- 56 10
86 -- 70 73 15
69 12 -- 05 14
24 35 75 89 95

98 62 -- 36 --
86 51 39 -- 95
47 03 -- 89 01
-- 79 -- -- 15
81 10 77 -- 69

-- 12 04 05 44
71 35 32 17 19
51 -- 36 03 47
33 -- -- 56 98
23 -- 80 01 26

55 04 21 43 24
56 86 -- 39 70
75 -- -- 20 58
05 -- 17 -- --
74 68 02 33 98

-- -- -- 39 08
28 23 62 10 83
86 98 43 58 17
65 91 51 01 --
80 00 -- 11 31

07 15 75 -- 11
96 86 93 -- 51
02 -- 68 85 32
18 -- 03 08 14
26 -- 83 74 23

25 -- -- 93 11
33 73 -- 91 94
24 -- -- 70 64
86 -- 81 20 28
75 47 -- 98 --

70 47 -- -- 32
86 18 55 -- 73
-- 64 20 35 91
78 -- 12 83 46
95 68 53 -- 28

31 14 43 56 29
21 -- 58 79 39
92 51 -- -- --
-- 01 18 35 86
89 62 24 48 66

62 28 98 -- 51
74 92 95 69 80
81 66 14 70 --
-- 86 35 64 96
23 29 11 79 85

69 -- 62 25 70
15 -- 42 44 73
-- 20 01 -- 86
95 17 77 35 89
29 36 -- 31 --

81 53 36 96 86
-- -- 94 42 33
-- 02 48 92 83
-- 29 95 -- 52
-- 47 65 -- 12

32 28 62 -- 36
04 77 -- -- 22
52 58 -- 91 68
-- 80 -- 41 00
24 16 66 29 31

-- 80 33 -- --
58 05 14 74 73
51 -- -- -- 41
77 -- 53 84 29
26 20 00 15 69

28 69 -- 29 12
31 07 01 -- 05
47 86 11 95 79
-- -- 84 93 --
58 57 -- -- 77

93 -- 03 -- 41
07 64 23 22 --
-- 20 -- -- 66
75 46 42 -- --
12 10 47 -- 48

-- 89 39 31 07
53 43 22 28 24
64 91 69 55 44
-- -- 79 -- 84
83 36 42 -- 46

81 11 94 -- --
75 -- 80 -- --
15 12 22 42 17
89 05 68 65 92
31 10 03 58 73

16 79 14 11 69
-- -- 32 -- 20
98 02 85 62 12
33 77 74 56 19
41 86 -- -- --

95 10 -- 89 55
-- 00 62 -- 98
-- 01 -- -- --
-- 84 18 29 91
92 -- 86 78 --

58 14 92 96 15
-- 03 20 53 83
-- 65 -- -- 80
43 -- 73 95 26
-- 02 05 -- 11

51 -- 08 47 48
71 84 07 92 44
56 46 -- 32 57
58 -- 62 31 25
95 94 83 65 20

05 -- -- -- --
03 16 01 77 36
26 44 52 86 73
-- 04 -- 43 25
14 00 -- -- 31

32 -- 52 -- 58
25 65 94 83 --
-- 35 12 02 17
18 24 77 -- 75
-- -- 47 74 56

77 04 05 -- 71
-- 14 79 46 74
70 86 02 83 21
22 -- 78 58 --
39 -- 16 -- 66

25 -- 00 36 01
15 95 70 10 51
-- -- 85 66 52
79 22 73 -- --
68 53 -- 32 04

29 56 20 81 52
-- 28 02 94 --
64 -- 74 55 35
26 07 71 75 66
18 -- 39 16 11

42 00 07 74 96
68 41 46 80 78
-- 86 -- 24 --
-- 19 -- -- --
-- -- -- 29 26

-- -- 08 24 --
96 95 31 91 29
11 32 80 -- --
-- 77 04 16 --
44 64 -- -- --

15 58 91 93 98
55 -- 19 -- 33
00 62 32 08 31
52 66 16 22 17
-- 85 92 02 84

28 -- 04 15 02
-- -- -- 16 98
-- 46 94 18 89
81 -- 93 86 44
69 26 24 62 --

32 86 -- 48 29
35 36 94 64 --
11 70 71 91 68
01 24 -- 25 --
-- 95 -- 57 58

-- 85 -- -- 23
81 91 00 01 29
-- -- 58 -- --
20 -- 08 19 --
68 -- 10 89 12

74 33 89 26 52
-- -- 39 73 53
41 -- 98 80 48
83 23 75 71 84
04 14 -- 44 85

47 -- 65 12 --
35 04 -- -- 17
98 71 -- 69 23
73 91 36 46 32
-- 58 86 02 74

84 -- 71 36 --
-- 53 28 -- --
-- 07 01 52 94
58 98 77 64 26
65 48 56 89 39

25 -- 68 94 73
75 07 51 -- --
32 74 -- -- --
48 -- 12 69 18
-- 62 10 91 01

51 -- -- 68 47
96 52 -- -- 31
71 01 15 57 94
44 77 -- -- --
00 11 24 98 --

48 94 11 -- 05
31 93 83 69 62
26 -- 85 04 29
77 02 -- 16 57
14 -- 08 22 --

-- 71 73 95 62
46 58 52 -- 81
-- -- -- 51 05
-- 02 -- 32 15
53 28 12 -- 74

-- 92 -- 39 23
10 05 -- -- --
58 66 21 42 80
84 25 26 11 --
-- 83 69 53 48

08 26 01 96 24
-- 48 39 07 44
-- -- 95 35 65
-- 53 -- 94 31
83 43 -- 10 46

-- 35 96 -- 41
17 56 -- 73 10
-- 04 -- 18 43
71 -- 23 19 92
81 -- 86 78 80

29 -- 36 04 75
07 10 -- 65 24
-- 85 -- -- 84
-- 74 73 77 78
70 -- -- 42 39

29 -- 14 -- --
-- 55 43 33 --
94 08 25 -- 24
-- 66 92 39 --
-- 85 -- 44 75

-- 53 20 -- --
35 -- 44 95 43
78 -- -- 71 85
56 92 33 -- --
24 55 83 -- 68

32 18 85 35 52
80 -- -- 39 --
-- 12 -- 26 58
-- 15 64 -- --
22 55 92 -- 08

-- -- -- 00 --
96 33 94 71 57
-- 80 03 25 48
14 22 -- 01 31
-- -- 04 20 10

-- 85 92 46 98
14 80 -- 07 --
-- 29 86 89 --
48 -- -- 66 --
83 02 57 75 51

-- 29 78 35 28
17 68 -- -- 65
00 52 94 74 86
57 11 -- 18 01
05 -- 89 02 --

57 43 32 29 26
46 89 51 52 21
44 81 -- 84 17
86 -- -- 08 75
62 -- 35 -- 85

14 65 42 68 51
-- 78 -- -- 01
26 98 19 48 --
22 -- 71 52 --
-- -- 11 62 74

-- 20 -- 73 05
69 91 -- 64 10
-- 14 -- 85 03
-- 31 71 80 51
-- 11 15 62 07

-- 16 39 14 15
-- 05 41 77 48
-- 04 08 26 --
46 56 -- 47 10
17 33 80 70 --

96 03 51 41 --
95 -- 07 33 32
00 92 -- 80 57
42 18 04 43 84
56 -- 91 66 10

08 55 46 52 24
64 74 84 26 42
-- 68 -- 32 98
78 47 58 11 --
17 29 93 33 43

14 23 68 -- 64
19 32 -- 12 62
-- 74 02 94 --
93 73 22 15 03
16 -- -- 77 --

