111111111011
111111110110
111111110010
111111101110
111111101000
111111100110
111111100011
111111011100
111111010110
111111010000
111111001011
111111000101
111111000000
111110111110
111110111101
111110111011
111110110100
111110101000
111110100111
111110100100
111110100000
111110011110
111110011101
111110011100
111110011001
111110010110
111110010000
111110001110
111110001100
111110000010
111101111110
111101110110
111101110100
111101101111
111101101000
111101100111
111101100011
111101100000
111101011111
111101011010
111101010110
111101010101
111101001001
111101000110
111100111110
111100110010
111100110001
111100110000
111100101111
111100101011
111100100111
111100100110
111100100010
111100011011
111100010111
111100010100
111100010001
111100001001
111011111100
111011111010
111011110011
111011110010
111011101011
111011101001
111011101000
111011100011
111011011001
111011011000
111011010111
111011010110
111011010100
111011010010
111011010000
111011001110
111011001011
111011001000
111011000100
111011000011
111010111101
111010110111
111010110101
111010110010
111010011111
111010011001
111010010111
111010010101
111010010011
111010001111
111010001100
111010000101
111010000011
111010000000
111001111101
111001111100
111001111000
111001110101
111001110100
111001110001
111001100000
111001011111
111001011100
111001011000
111001010100
111001010010
111001010001
111001010000
111001000110
111000111110
111000110110
111000110101
111000110011
111000101110
111000101000
111000100011
111000011111
111000011000
111000010111
111000010110
111000010011
111000001110
111000001011
111000001010
111000001000
110111111101
110111111000
110111110111
110111110110
110111110100
110111110010
110111110000
110111100111
110111100110
110111100010
110111011111
110111010100
110111001110
110111001101
110111001100
110111001010
110111000011
110111000000
110110111100
110110111010
110110111000
110110110111
110110101001
110110100111
110110100010
110110011110
110110011101
110110011010
110110010001
110110001011
110110001010
110110001000
110110000101
110110000001
110101111110
110101110110
110101101110
110101100110
110101011100
110101011001
110101010101
110101010100
110101001010
110101000111
110101000100
110101000010
110101000001
110100110111
110100110100
110100110010
110100110001
110100101111
110100101101
110100101011
110100101000
110100100110
110100011011
110100011010
110100010111
110100010101
110100001110
110100001001
110100000111
110100000011
110100000000
110011111100
110011111011
110011110110
110011101010
110011101000
110011100100
110011100010
110011011101
110011010101
110011010000
110011001100
110011000111
110011000110
110011000010
110010111101
110010111010
110010110110
110010110011
110010110000
110010101101
110010101010
110010101000
110010100000
110010011101
110010011011
110010010100
110010001010
110010000101
110001111111
110001111110
110001111010
110001111001
110001101111
110001101110
110001101001
110001011111
110001011101
110001010100
110001001111
110001001110
110001000000
110000111110
110000111001
110000110001
110000101101
110000101011
110000101001
110000100110
110000011011
110000010111
110000010001
110000001111
110000001110
110000001100
110000001010
110000000101
110000000100
110000000011
101111110011
101111110010
101111101101
101111101010
101111100000
101111011100
101111010110
101111010101
101111010100
101111010010
101111010000
101111001111
101111001100
101111000011
101111000001
101110111111
101110111110
101110111010
101110111001
101110110101
101110110010
101110100101
101110100001
101110011100
101110010111
101110010101
101110010100
101110010010
101110010001
101110001110
101110000110
101110000101
101110000011
101101111110
101101111101
101101111010
101101110111
101101110110
101101101010
101101101001
101101100001
101101011111
101101010111
101101010101
101101001111
101101000011
101100111100
101100111011
101100111010
101100110101
101100110100
101100110000
101100101110
101100101100
101100101010
101100100111
101100100000
101100011001
101100011000
101100010010
101100010000
101100001110
101100001101
101100001001
101011111111
101011111110
101011111100
101011110100
101011110011
101011110001
101011101111
101011101010
101011100110
101011011101
101011011010
101011010110
101011010101
101011001010
101011001001
101011001000
101011000110
101011000011
101010111110
101010111101
101010111011
101010111000
101010110101
101010110100
101010101110
101010100011
101010011111
101010011000
101010010011
101010010000
101010001111
101010001101
101010001100
101010001011
101010001010
101010000101
101010000010
101010000000
101001111111
101001110010
101001110001
101001101101
101001101100
101001101001
101001100111
101001100110
101001100010
101001011100
101001011001
101001010110
101001010011
101001010000
101001001111
101001001010
101001001001
101001001000
101000111010
101000111001
101000110110
101000110011
101000101110
101000101101
101000100000
101000011111
101000011101
101000001110
101000001000
101000000110
101000000001
101000000000
100111111110
100111111101
100111111001
100111110011
100111110001
100111101110
100111101101
100111100011
100111100010
100111011011
100111011010
100111010100
100111001110
100111001001
100111000111
100111000010
100110111110
100110111010
100110111001
100110110101
100110101010
100110101001
100110101000
100110100110
100110100010
100110010111
100110001100
100110000101
100101111101
100101111100
100101111010
100101100111
100101011100
100101011011
100101010111
100101010010
100101000101
100101000001
100100111001
100100110111
100100110000
100100101001
100100100011
100100011110
100100011000
100100010101
100100010001
100100010000
100100000001
100011111110
100011111100
100011101110
100011101011
100011100111
100011100100
100011100000
100011011011
100011011000
100011010100
100011010000
100011001110
100011001010
100010111101
100010111010
100010111001
100010101110
100010101010
100010101000
100010100011
100010100001
100010100000
100010011011
100010011010
100010011001
100010010100
100010010011
100010010000
100010001011
100010000100
100010000001
100001111111
100001111010
100001110010
100001101100
100001101000
100001100110
100001100100
100001100001
100001010111
100001010100
100001010010
100001010001
100001001000
100001000111
100001000110
100001000010
100001000001
100000111101
100000111011
100000111010
100000110110
100000110100
100000110001
100000110000
100000101111
100000101100
100000101011
100000100110
100000100100
100000100001
100000011111
100000011110
100000011100
100000010100
100000010010
100000001001
100000001000
100000000101
100000000000
