23
13
2
21
21
24
21
9
15
10
11
14
23
9
7
8
15
10
4
13
16
3
1
2
17
14
5
19
2
24
8
10
21
12
26
26
1
3
24
19
22
2
20
4
1
8
17
17
8
26
6
21
10
21
13
8
2
3
12
13
3
5
2
25
3
17
12
19
8
14
7
25
2
16
7
18
7
23
19
15
26
7
6
11
13
26
7
17
2
7
6
11
18
16
23
24
15
23
16
10
24
4
4
20
22
13
17
26
14
6
19
5
4
7
26
12
4
18
23
25
25
6
12
8
6
11
22
17
15
7
21
22
26
10
11
23
14
3
9
4
11
25
1
3
7
9
26
24
2
15
4
8
24
16
8
8
10
11
17
24
14
13
15
9
12
21
13
19
7
23
22
18
2
10
13
26
13
26
26
20
1
10
14
15
8
24
2
15
12
21
5
8
1
1
4
25
16
14
12
6
22
8
14
15
5
7
5
11
14
3
6
15
22
4
8
5
14
2
16
16
25
21
16
24
7
17
26
24
23
2
2
16
25
8
21
26
9
6
16
15
21
12
14
17
17
8
21
2
11
4
6
22
24
5
4
5
3
20
13
25
26
21
19
21
7
7
8
6
20
2
10
19
2
21
2
19
12
7
7
18
12
19
13
24
20
16
24
11
22
15
22
9
12
2
16
26
17
13
12
17
3
14
7
2
20
7
7
9
11
14
26
11
6
6
5
25
10
13
8
15
3
18
3
9
13
18
6
10
25
3
3
2
9
16
25
4
24
23
25
1
22
10
11
5
12
8
23
9
25
19
6
24
18
19
20
2
18
7
16
5
9
4
11
21
12
26
24
3
16
6
4
22
24
22
3
26
11
17
5
5
26
25
11
17
14
19
25
10
16
8
18
8
15
19
16
7
13
13
16
8
22
3
6
13
11
3
12
26
25
6
14
11
11
14
2
15
22
8
17
14
19
12
21
14
8
6
5
19
26
17
15
8
19
24
19
7
23
24
17
20
11
5
25
24
18
14
6
20
17
17
3
12
21
7
18
17
25
21
21
15
25
3
23
5
19
5
26
11
4
13
20
2
18
9
24
9
5
26
2
9
2
9
12
26
3
26
5
