21
794
797
305
631
628
50
707
705
173
792
737
76
503
567
911
913
49
803
132
722
576
936
712
738
805
140
344
148
441
288
259
350
222
279
140
581
933
558
739
40
735
354
756
656
660
685
374
608
885
683
513
600
138
673
872
733
674
718
351
839
829
44
576
900
672
926
300
844
426
979
703
682
784
171
845
14
849
227
544
701
629
680
908
600
53
552
144
359
473
343
438
114
835
230
738
542
985
914
609
167
722
515
432
402
501
265
668
911
428
979
798
743
216
573
547
107
94
201
146
375
349
77
380
244
512
117
146
31
640
53
655
200
752
637
632
61
611
788
273
997
201
956
878
802
729
201
917
44
897
384
130
400
937
812
143
813
872
177
267
358
520
854
371
797
155
935
810
725
756
38
807
998
539
117
995
892
694
169
741
422
442
51
962
202
786
668
650
20
445
142
302
511
938
705
847
838
23
20
643
658
878
799
320
959
715
686
38
925
928
175
712
679
714
940
385
757
174
746
140
446
486
429
388
222
673
716
192
48
686
671
613
595
148
678
684
879
508
393
464
120
10
133
29
874
889
599
388
366
416
174
413
996
386
928
545
631
612
374
791
797
447
62
397
602
604
7
105
198
130
943
467
726
90
546
625
282
275
5
722
365
393
673
610
969
616
326
605
387
34
359
780
372
507
418
191
453
970
222
865
765
103
687
109
79
119
739
688
103
466
641
920
742
596
325
939
540
654
942
673
731
277
49
262
775
735
415
537
581
108
997
722
953
184
323
331
687
57
704
961
211
771
688
435
444
39
634
645
562
365
389
153
593
637
297
938
821
636
288
584
207
84
268
92
620
677
990
493
550
166
538
411
159
729
708
535
830
537
531
564
791
363
105
272
467
783
331
815
304
810
276
295
191
384
418
121
379
384
13
805
701
776
814
10
821
26
656
669
649
175
627
934
382
923
680
878
399
202
225
413
551
222
457
936
998
98
309
944
887
879
147
924
945
918
338
297
712
503
523
218
565
409
293
610
970
767
656
781
673
405
19
949
944
766
92
718
154
349
352
746
781
52
397
242
203
519
292
566
653
135
531
773
340
655
708
792
734
725
762
214
575
546
47
221
273
58
824
441
387
633
547
404
955
985
144
996
523
486
968
31
944
953
734
512
690
224
888
247
80
284
223
204
18
480
364
240
177
147
71
55
143
125
384
903
695
942
911
70
525
322
620
530
92
511
888
74
830
334
36
307
483
317
302
29
924
954
75
301
346
606
786
180
656
35
665
382
122
288
524
526
243
16
93
107
520
399
158
320
358
178
892
461
655
541
541
20
991
883
486
281
261
34
121
439
324
337
421
280
655
381
685
483
724
694
822
418
565
447
204
508
787
941
418
326
396
393
696
117
733
533
728
212
475
533
314
195
415
303
553
891
617
214
721
898
401
353
566
422
577
192
554
690
366
979
582
547
786
877
612
520
227
421
492
493
22
421
281
608
676
591
789
820
798
441
126
859
918
297
79
224
493
478
867
586
597
186
541
702
936
668
941
311
843
933
427
215
260
130
631
203
443
20
344
360
774
943
920
579
577
5
358
284
625
253
309
218
347
344
36
747
761
82
296
516
451
175
770
650
838
713
457
92
162
155
737
701
203
284
538
713
636
955
677
450
11
448
494
582
212
434
472
93
225
138
235
421
880
490
332
391
599
559
290
597
763
439
940
205
284
443
598
561
219
29
35
41
966
747
463
79
885
829
279
997
852
245
698
454
214
324
163
370
49
337
908
310
814
713
241
820
356
228
523
391
539
867
298
153
220
167
204
170
364
523
675
900
565
396
421
495
492
684
35
678
972
12
963
465
446
178
186
502
497
534
621
718
803
104
712
465
323
251
541
430
181
578
433
171
870
864
125
604
666
374
328
279
302
619
246
775
48
730
703
31
944
919
689
310
708
87
266
281
315
352
185
454
917
907
422
423
811
207
693
795
936
950
786
719
615
218
208
7
203
491
268
736
386
624
964
684
931
434
467
423
485
469
758
544
281
70
283
738
278
597
358
492
517
231
34
245
431
989
761
898
794
157
107
927
926
530
412
239
556
540
745
36
29
56
253
246
102
116
559
534
650
741
922
209
785
971
581
266
448
556
200
358
206
400
521
50
205
216
434
301
277
681
991
793
841
429
461
255
154
226
468
436
280
57
255
198
681
998
323
213
267
213
829
281
584
771
213
814
462
553
193
947
22
948
951
616
657
860
140
966
358
201
487
376
491
761
872
927
300
195
73
138
586
301
552
634
285
431
170
274
130
582
613
169
993
966
196
669
418
705
406
59
377
442
116
552
666
172
592
197
900
779
910
449
955
260
178
346
213
593
773
926
42
891
730
725
445
99
84
19
956
409
660
577
863
323
448
63
421
296
152
257
797
136
807
135
218
139
200
797
709
654
138
702
227
894
836
762
857
922
291
856
854
169
927
776
235
229
195
38
705
735
30
219
236
779
976
994
389
752
859
922
724
262
662
326
547
465
434
759
557
538
595
686
491
631
441
420
160
976
26
984
758
475
289
200
614
445
330
750
581
182
258
297
229
463
605
993
768
561
868
592
449
831
173
872
190
245
246
246
390
579
975
257
887
259
362
598
736
314
589
592
629
590
61
133
114
748
890
939
53
196
248
819
540
719
69
890
951
323
323
26
522
657
596
442
556
121
648
53
688
790
865
831
221
92
297
306
121
389
727
44
728
615
776
539
487
508
25
477
995
794
655
126
568
391
853
468
606
746
674
95
186
280
406
808
953
384
663
706
445
181
525
444
464
68
821
259
953
337
96
402
629
206
472
600
974
819
14
698
693
993
484
582
253
178
268
934
542
741
159
163
50
712
212
784
465
376
574
753
394
471
467
16
453
44
841
825
648
530
151
629
389
856
611
676
192
322
299
438
274
318
335
336
310
497
751
893
151
330
726
929
180
125
60
772
93
849
437
499
921
124
246
211
701
310
647
699
948
386
373
995
864
888
368
760
243
16
256
677
27
648
681
512
212
846
735
212
401
891
623
864
596
834
836
390
688
564
891
431
990
905
82
402
517
670
731
124
710
635
929
403
710
538
229
244
350
247
763
855
96
552
453
674
593
134
608
454
176
447
103
27
85
370
490
206
137
524
486
425
304
542
592
224
649
159
639
653
767
875
785
592
582
139
847
991
949
661
685
208
724
998
327
188
110
211
311
12
303
496
913
531
37
394
357
190
154
156
753
744
23
784
764
327
826
34
820
154
876
778
387
408
128
302
163
291
959
747
931
616
279
772
955
383
918
99
689
737
535
352
621
529
646
968
655
735
556
162
822
811
656
435
771
994
133
873
836
309
958
606
134
575
278
88
342
811
690
814
480
396
511
125
277
350
981
931
194
395
92
312
44
312
357
984
698
861
264
795
646
195
207
29
796
521
293
14
385
373
522
521
12
480
938
520
990
961
825
931
483
905
718
158
643
615
51
598
553
815
324
876
439
937
875
895
114
163
581
526
74
216
160
731
30
728
527
473
208
611
728
596
552
178
541
615
406
937
203
376
428
751
701
180
855
414
963
813
817
44
198
192
92
599
416
956
324
371
92
382
43
349
209
499
349
870
811
231
226
499
654
604
673
452
721
442
576
518
739
504
81
35
65
717
422
531
513
825
488
339
231
154
433
273
251
577
526
415
974
869
151
73
392
457
410
30
427
766
786
31
834
887
468
758
631
364
605
606
85
812
696
428
409
218
240
100
77
100
724
970
270
492
552
301
418
250
292
696
477
244
395
691
625
930
702
762
361
524
499
427
504
396
250
47
205
583
787
308
281
223
496
351
218
452
219
220
62
697
838
854
733
838
112
9
87
82
33
734
750
485
451
170
272
562
759
402
394
680
381
396
20
608
567
800
831
294
635
367
739
560
890
808
245
647
652
100
696
786
410
904
869
679
301
849
621
71
422
363
977
514
963
637
573
405
842
946
519
20
190
183
559
434
134
479
396
522
694
919
305
867
974
756
148
212
289
84
389
384
587
560
24
278
178
100
186
342
265
971
70
902
637
282
730
345
610
472
875
748
387
879
948
102
95
61
51
666
696
102
484
663
411
138
124
200
489
229
414
575
304
311
760
432
807
822
893
284
890
826
154
710
150
838
728
454
339
914
946
56
44
839
845
535
674
361
170
458
528
825
786
160
437
367
235
948
468
819
396
334
319
530
129
584
30
657
628
664
101
730
910
379
820
564
835
466
893
104
919
765
717
750
526
762
361
712
641
267
98
836
925
35
665
699
523
639
647
413
477
406
948
217
943
276
585
656
769
728
729
164
211
58
174
233
94
421
274
188
