894
987
125
558
963
436
363
408
98
878
854
303
580
434
310
391
925
532
426
710
711
551
676
141
913
975
680
336
877
716
669
517
773
347
628
590
707
680
766
739
825
297
701
730
853
14
48
42
680
603
810
512
143
658
27
89
103
95
191
173
828
789
214
184
601
738
539
372
261
205
792
888
323
182
394
425
775
432
464
485
910
10
67
75
845
117
860
46
597
614
737
149
676
753
707
49
939
179
854
877
880
925
278
777
581
702
665
345
629
576
73
401
542
483
404
606
823
864
759
446
70
928
999
628
759
163
75
209
218
116
375
353
189
85
129
973
934
483
889
754
322
714
734
850
938
26
915
301
811
626
781
313
515
949
909
205
801
539
384
539
516
185
622
21
642
432
635
836
67
985
946
899
3
893
272
452
262
23
392
379
100
916
967
82
931
903
121
263
346
589
684
550
219
617
763
313
308
145
129
245
282
700
335
595
595
454
269
589
69
654
586
642
132
644
62
666
949
104
939
592
357
455
980
599
512
871
744
173
411
343
412
686
550
204
978
49
985
231
777
813
26
445
460
355
635
493
250
798
782
204
93
270
461
1
464
619
488
146
324
395
445
602
493
993
90
698
654
561
327
340
765
804
948
774
667
247
729
412
763
852
401
615
39
899
868
911
371
907
678
565
584
474
184
489
633
582
669
639
639
103
945
9
956
894
518
506
427
483
114
604
488
135
725
371
416
170
821
843
330
352
20
387
434
278
36
125
141
640
584
84
893
971
399
372
386
72
307
322
416
571
926
666
146
143
1
373
442
546
281
455
255
85
367
447
703
871
386
385
604
837
665
204
739
148
198
94
536
783
497
546
476
790
316
226
409
763
550
641
166
495
655
548
594
912
505
365
441
204
470
372
875
72
892
195
844
980
606
199
607
790
694
276
61
709
652
899
679
279
518
363
292
378
122
263
654
835
396
511
521
233
122
569
641
315
870
680
653
532
400
925
692
848
934
22
933
665
185
741
263
121
236
778
444
413
706
321
414
57
349
324
345
529
794
959
866
772
669
109
599
346
860
624
857
417
846
457
946
646
156
44
191
378
546
382
587
708
605
943
553
572
438
687
894
820
982
233
785
480
477
28
49
47
933
662
713
622
858
552
422
648
812
830
37
825
688
973
409
639
570
97
57
503
464
177
137
234
23
464
468
544
640
706
373
656
361
728
347
789
65
776
765
9
417
415
289
332
52
151
192
89
498
910
486
508
165
671
634
149
735
382
124
475
218
326
164
773
266
905
40
471
476
522
522
7
10
343
351
834
818
671
764
982
412
255
297
224
647
588
162
784
65
790
610
866
598
712
977
457
416
331
732
831
791
222
841
836
408
281
166
119
704
739
284
701
195
655
896
974
210
566
481
86
563
517
133
38
288
253
859
223
981
775
844
692
201
846
906
370
469
134
755
940
923
275
373
343
527
385
158
673
897
913
760
507
867
939
912
633
927
931
34
346
304
267
835
839
194
552
478
670
262
681
654
142
156
48
23
496
491
457
288
464
828
797
657
476
508
193
761
777
23
355
560
674
803
937
393
530
59
495
722
820
844
531
534
419
627
133
652
122
162
231
966
774
819
651
754
369
148
547
541
401
417
672
962
886
120
482
512
77
685
193
653
356
360
147
679
256
810
265
983
857
378
346
349
501
464
286
218
547
370
686
565
153
701
123
669
145
961
828
65
73
7
274
654
857
739
373
705
161
672
596
697
963
494
492
419
185
25
414
425
167
684
792
817
303
724
128
839
884
273
442
698
627
547
786
421
940
539
534
122
569
529
842
415
918
795
558
585
106
494
702
699
100
693
675
24
254
291
430
476
39
471
95
535
597
941
59
889
712
951
464
491
543
684
57
572
565
63
591
610
512
55
546
978
999
465
123
185
308
388
745
596
973
602
522
409
115
398
866
370
815
882
849
948
681
237
558
705
194
583
335
440
385
899
37
906
101
650
676
197
791
866
53
717
773
760
957
443
835
60
866
282
302
116
710
497
998
413
645
884
725
508
976
919
994
79
679
845
299
846
609
747
371
298
625
507
578
94
905
598
788
609
184
687
977
195
807
397
95
491
739
820
865
961
975
597
337
447
276
939
701
378
164
168
13
458
571
911
150
764
657
222
66
227
20
597
613
555
396
729
888
754
387
706
26
688
451
277
625
20
294
282
739
394
788
635
640
81
19
708
704
872
758
269
198
499
570
932
592
785
675
99
627
947
1
951
539
495
80
278
926
759
418
485
660
422
410
175
83
44
58
985
488
571
380
396
719
121
370
281
132
374
442
397
893
933
442
739
575
574
422
548
477
981
684
867
661
235
714
978
905
526
819
628
371
701
485
141
922
826
77
102
73
769
641
846
381
570
473
309
834
710
356
633
572
559
450
671
563
531
745
245
168
308
329
928
780
940
989
207
835
242
700
718
943
568
497
781
958
853
396
709
102
455
525
684
12
687
613
589
456
477
553
947
639
754
358
387
592
227
360
858
610
182
98
122
713
59
744
943
915
162
237
160
367
902
560
613
247
260
16
743
311
700
762
952
845
421
383
217
9
136
130
81
612
610
220
589
608
707
822
352
973
123
871
766
751
254
207
673
763
45
779
747
287
554
601
527
105
607
757
653
697
229
730
666
307
510
233
692
213
579
306
543
722
426
960
816
378
364
12
577
633
931
344
145
363
919
529
774
682
570
811
239
826
950
210
89
212
844
774
109
675
828
507
909
412
805
459
647
531
323
519
320
319
808
952
142
498
635
519
385
387
205
173
43
534
599
229
235
256
54
323
282
41
820
180
645
405
79
423
207
121
145
803
702
551
734
853
809
619
238
413
861
862
31
650
404
659
941
756
646
965
948
35
199
634
592
316
550
255
85
337
291
578
77
654
560
590
67
236
235
205
389
884
552
8
431
430
597
607
70
198
103
124
866
69
899
441
469
58
140
152
55
860
851
94
417
689
813
761
199
713
510
411
476
213
996
863
271
796
928
471
169
351
214
176
367
267
547
356
656
351
729
547
730
899
434
440
167
884
982
168
512
258
523
199
112
185
534
537
220
499
500
917
230
203
295
126
96
75
85
522
437
400
974
706
139
179
180
445
407
712
866
981
675
693
434
544
677
896
293
436
630
339
22
711
727
424
696
407
449
610
460
969
988
391
925
861
501
827
941
801
125
303
217
418
291
162
166
561
503
663
81
661
692
245
617
23
313
298
854
855
3
528
520
55
479
48
441
358
806
916
788
734
961
195
641
528
749
135
721
113
59
123
243
174
312
123
235
269
192
267
325
864
618
619
663
132
738
735
458
492
753
892
395
734
298
809
232
254
72
339
538
619
669
623
370
197
50
200
744
519
309
65
931
864
501
296
781
560
447
747
469
862
563
458
470
48
145
37
180
197
255
108
577
686
324
179
839
943
467
11
470
781
941
836
34
999
963
544
595
886
476
824
837
866
845
106
786
795
8
702
420
924
728
561
176
38
456
474
902
612
937
219
508
300
753
250
524
73
620
588
839
163
716
625
731
322
650
258
886
439
554
165
658
748
754
28
588
581
458
695
991
445
284
500
654
100
624
646
758
363
373
662
311
624
638
50
556
403
206
423
459
406
185
550
423
616
727
391
239
203
86
120
22
139
219
630
702
498
382
426
332
385
140
853
609
846
257
9
254
174
58
140
748
560
364
900
66
848
70
103
53
163
345
354
773
20
757
952
925
977
802
886
294
608
754
721
971
606
957
236
37
253
690
117
808
352
190
418
525
472
489
500
701
713
19
355
338
492
673
779
813
933
679
566
651
536
797
221
911
611
755
497
536
214
418
628
657
328
236
306
119
149
732
674
61
364
344
454
728
577
820
481
609
607
506
331
236
451
281
343
415
390
213
120
287
373
579
219
516
384
585
842
705
202
415
712
804
58
868
864
272
192
289
892
424
573
298
173
265
203
219
90
900
787
831
512
301
779
104
105
11
303
290
349
454
58
511
137
740
703
739
406
620
724
335
662
868
138
812
122
215
209
768
212
666
78
294
307
155
916
964
192
206
217
674
692
318
775
877
541
252
258
56
26
423
416
499
474
24
143
534
421
733
941
256
936
5
931
440
463
159
499
350
474
257
609
808
269
135
260
885
779
139
644
650
988
40
457
490
452
242
491
716
249
618
228
183
315
13
383
376
942
204
813
447
528
398
604
561
43
91
302
375
564
568
927
57
96
112
98
659
647
400
167
466
50
734
750
261
382
315
398
40
438
446
333
255
166
859
875
235
263
53
118
970
916
239
244
404
792
481
546
804
778
65
940
148
920
30
25
8
618
638
656
