000101111111
000101111101
000101111100
000101110110
000101110101
000101110100
000101110010
000101101100
000101101011
000101101001
000101101000
000101100111
000101100011
000101100001
000101011101
000101011100
000101011000
000101001101
000101001001
000101000101
000101000100

000100111111
000100111010
000100111001
000100111000
000100110110
000100110010
000100101111
000100101101
000100101011
000100101000
000100100010
000100011110
000100011010
000100011000
000100010111
000100010110
000100010001
000100001110
000100001001
000100000111
000100000110
000100000010
000100000000
